time,x,y,z,phi,theta,psi,x_velocity,y_velocity,z_velocity,phi_velocity,theta_velocity,psi_velocity,rotor_speed1,rotor_speed2,rotor_speed3,rotor_speed4
0.02,0.0,0.0,10.0006246597,0.000732751999586,0.00149374988934,0.0,0.0,0.0,0.0624659700887,0.00541387846035,0.00772981213055,0.0,462.8186661447184,464.6398953768549,463.22198822019624,464.4971995160543
0.04,-3.88442916227e-06,1.90548688351e-06,10.0025124313,0.000878361661272,0.00167571444655,0.0,-0.000388442916227,0.000190548688351,0.126311190434,0.00419187858345,0.00877610682332,0.0,465.5725425899875,465.81790359258633,464.51867683105235,464.2310637017038
0.06,-1.62116080344e-05,8.10579946842e-06,10.0057968766,0.000962201665158,0.00194614809592,0.0,-0.000844274970985,0.00042948257014,0.202133335446,0.00420174208565,0.0107245576223,0.0,475.3225366384761,475.7700829947067,475.724808260449,475.7269937965932
0.08,-3.84519196794e-05,1.93429372499e-05,10.0106290307,0.00108675913825,0.00234112521253,0.0,-0.00137975619352,0.00069423120801,0.281082080894,0.00292859431132,0.0134114589168,0.0,478.1996784252391,478.8130663682499,478.40918401814395,478.11824868131816
0.1,-7.19287726444e-05,3.5957874906e-05,10.0168010166,0.00528542829133,0.00262374200516,0.0,-0.00196792910298,0.000967262557594,0.33611650861,0.0157973118338,0.0126528387405,0.0,457.64285356063976,457.4615764695551,455.2323136681207,458.3105076835177
0.12000000000000001,-0.000117921316154,6.86668820727e-05,10.0240897388,0.00582384652062,0.00578324258353,0.0,-0.00263132524795,0.00230363815908,0.392755706976,0.018780410844,0.00187054992305,0.0,458.85831438964794,456.2835167001325,459.3811337828658,460.0900013887796
0.14,-0.000184050836351,0.000128337235623,10.0323176391,0.00626300381312,0.00671657744916,0.0,-0.00398162677175,0.0036633971959,0.43003432957,0.0203747643258,0.00785694739453,0.0,439.787615406264,441.2723537444855,440.8662069652384,441.26111968235597
0.16,-0.000282222475622,0.000218891946745,10.0417164303,0.00704012206755,0.00981753214056,0.0,-0.00583553715535,0.00539207391633,0.509844786081,0.0165296481096,0.018708335773,0.0,477.8370990695042,480.31185668909524,479.9056193754047,479.0293279825199
0.18,-0.000426091051801,0.000346207420128,10.0527174269,0.00738589189609,0.0102758989807,0.0,-0.00855132046253,0.00733947342196,0.590254875664,0.0173087980658,0.0168731232543,0.0,479.50371440176764,479.08526625645715,480.34656286727375,480.5236525256423
0.19999999999999998,-0.000619169415985,0.000508846161273,10.0647063756,0.00782280549159,0.0106560556332,0.0,-0.0107565159559,0.00892440069261,0.608639988976,0.0192139241423,0.0181799390393,0.0,422.1178670166172,422.45593228140143,423.0681188095966,423.5598034041278
0.21999999999999997,-0.000860851265004,0.000706825064324,10.0774086817,0.00827278634688,0.014090638202,0.0,-0.013411668946,0.0108734896124,0.661590625247,0.0175927841428,0.00709664749215,0.0,456.77195600931896,454.1129215535655,455.85585345778765,455.46706306837245
0.23999999999999996,-0.00116146240262,0.000943302585029,10.0909760788,0.0091082328243,0.0142801792494,0.0,-0.0166494448159,0.0127742624581,0.695149081035,0.0131946445608,0.00847661992104,0.0,436.4540227892644,436.79924749466073,439.0529425221218,437.9569683524951
0.25999999999999995,-0.00152578654912,0.00121877223921,10.1051111237,0.00972011848661,0.0155608407291,0.0,-0.0197829698338,0.0147727029602,0.718355410332,0.0169255574309,0.0151433404979,0.0,427.20934123528485,428.91094561255716,426.7841955288578,427.73820479364707
0.27999999999999997,-0.00196199357958,0.00153955155578,10.1201216253,0.0118438671029,0.0163463735961,0.0,-0.0238377332122,0.0173052286965,0.782694755547,0.00847514331645,0.0195372729374,0.0,466.09649566646084,467.1252934721704,466.34391702789134,464.3596632815826
0.3,-0.00248536341646,0.00191942695801,10.1366647463,0.0147332404097,0.0167656702414,0.0,-0.0284992504756,0.0206823115263,0.871617339298,0.0189056187427,0.0206059391442,0.0,487.3423334752945,487.5818008645703,486.4088401213161,488.7461568027657
0.32,-0.00309229293549,0.00236553381912,10.1543381766,0.0151577665708,0.0176973864638,0.0,-0.0321937014275,0.0239283745851,0.895725687474,0.020268172027,0.0251648751581,0.0,429.0971153414062,430.256446765976,427.8034947260516,428.1513314582796
0.34,-0.00377726838837,0.00287929804191,10.1726125705,0.0157263613687,0.0190742449149,0.0,-0.036303843861,0.0274480476941,0.931713705959,0.0228234125822,0.0310760880555,0.0,439.2579164784566,440.72600230594344,440.17992466127066,440.8137388854132
0.36000000000000004,-0.00455493327144,0.00347078342832,10.1919886909,0.0162984594703,0.0242677431404,0.0,-0.0414626444452,0.0317004909463,1.00589833512,0.0249740390017,0.0445993664515,0.0,473.1923479009885,476.30506956919737,475.0593013687782,475.553699835793
0.38000000000000006,-0.00544618452831,0.00414642002296,10.2126985275,0.0173447422087,0.0252438978108,0.0,-0.0476624812422,0.0358631685184,1.06508532115,0.0202972796178,0.0427645112376,0.0,461.72150877038865,461.2881432857787,462.781487551086,461.67601813997885
0.4000000000000001,-0.00646050441061,0.00490563023411,10.2344564881,0.0178131108604,0.0262172513787,0.0,-0.0537695069877,0.0400578525965,1.11071074033,0.0187171143183,0.0405913720965,0.0,450.06405920094386,449.5371337415288,449.6088379778779,449.22462278543003
0.4200000000000001,-0.00760256832884,0.00575207179527,10.2572507389,0.0182694826086,0.0288767895047,0.0,-0.0604368848359,0.044586303519,1.16871434275,0.0169057119683,0.0319943710286,0.0,462.3332470624125,460.29774881011053,460.93211048790414,460.50243696611835
0.4400000000000001,-0.00889122727767,0.00669434033509,10.281429348,0.0186714132375,0.0312530955897,0.0,-0.0684290100463,0.0496405504631,1.24914656759,0.0153080087476,0.0403284424572,0.0,480.28242705150114,482.1750452151751,480.88233463746826,480.51905744853167
0.46000000000000013,-0.0103199015455,0.00772303389632,10.3063720139,0.0191528874878,0.0325203959453,0.0,-0.0744384167359,0.0532288056598,1.24512002194,0.0126598843144,0.0446213738865,0.0,401.0923352953866,402.2611883947934,401.7248784046108,401.0038650467066
0.48000000000000015,-0.0119002677357,0.00884152731991,10.3321273739,0.0198861070424,0.0334334314004,0.0,-0.0835982022854,0.0586205366994,1.33041597552,0.0082780040408,0.0437134536831,0.0,484.4756300547911,484.27177623392,486.8042359059198,485.81954960067765
0.5000000000000001,-0.0136476506778,0.0100587685808,10.3590279945,0.0200531065127,0.0354717431863,0.0,-0.0911400919265,0.0631035893876,1.35964608977,0.00851795315864,0.0505370677175,0.0,433.9556129809028,435.67152063838495,434.8402667554378,434.9004419936085
0.5200000000000001,-0.0155489507831,0.0113651854592,10.3864702908,0.0205505782546,0.0365063378425,0.0,-0.0989899186022,0.0675380984564,1.38458353732,0.00490070183319,0.0495602708754,0.0,431.77062407649026,431.52505397903593,430.42327206492854,429.50387625095925
0.5400000000000001,-0.0176155480097,0.0127647713158,10.4145757531,0.0206517262041,0.0383458152689,0.0,-0.107669804054,0.0724204872031,1.42596269168,0.00454664461955,0.0437352489565,0.0,447.53067582706177,446.10768669373346,446.1883289782714,446.1015251656954
0.5600000000000002,-0.0198583045451,0.0142612653985,10.4434614232,0.0211019476489,0.03931057677,0.0,-0.11660584949,0.0772289210603,1.46260431471,0.00833762629971,0.0456332112529,0.0,442.48682081150264,442.9563482399847,441.1473320422278,442.08525939280247
0.5800000000000002,-0.0222905397404,0.0158595375899,10.4732960839,0.0215017655747,0.0403136388696,0.0,-0.12661767004,0.0825982980805,1.5208617581,0.00528433037703,0.0475347671899,0.0,461.8177684173574,462.26860221540653,462.6693186543485,461.94752909340343
0.6000000000000002,-0.0249356913669,0.0175716072125,10.504546699,0.0216754268139,0.0416472785029,0.0,-0.137897492609,0.0886086641857,1.60419975498,0.00693326496225,0.0514485596707,0.0,483.91933200131774,484.80342850001074,484.2500250196497,484.6218647768381
0.6200000000000002,-0.0278150139671,0.0194068829322,10.5375800831,0.0230253196128,0.0443192818034,0.0,-0.150034767412,0.0949189077834,1.69913865563,0.0138938037335,0.0595554261604,0.0,494.1601017356373,495.95087615507816,493.1741693122464,494.71386292283387
0.6400000000000002,-0.030936640751,0.0213680152372,10.5723264241,0.0240708642022,0.0458081423486,0.0,-0.16212791098,0.101194322719,1.77549543767,0.00835243742282,0.0630065246637,0.0,478.6140756587334,479.4035532015638,479.4399989110408,478.1752476022756
0.6600000000000003,-0.0343127101921,0.0234619714209,10.6087853863,0.025897354267,0.0477840973991,0.0,-0.175479033131,0.108201295649,1.87040079057,0.0164996855873,0.0683575042272,0.0,494.7783056318206,495.9610844442483,493.76416335096803,495.5637634928049
0.6800000000000003,-0.0379461087802,0.0256930098066,10.6468190627,0.0267162735987,0.0491683494173,0.0,-0.187860825673,0.114902542917,1.93296684432,0.0209220180939,0.0675304145424,0.0,466.62720369520815,466.43676223437114,467.6755357338117,468.70757406866517
0.7000000000000003,-0.0418412725597,0.0280659078685,10.6863179655,0.0276126058486,0.0515837903535,0.0,-0.201655552281,0.122387263271,2.01692343439,0.0252941657949,0.0610040598313,0.0,487.11661944766644,485.6533819207783,485.6741873010645,486.6568382891786
0.7200000000000003,-0.0460140092454,0.0305882755981,10.7273969502,0.028547632848,0.0531765065307,0.0,-0.215618116283,0.129849509693,2.09097503816,0.0211510091067,0.0571433087098,0.0,477.66576290965463,476.78411517872354,479.3270476171789,478.3816505784493
0.7400000000000003,-0.0504474359189,0.0332501403956,10.769527113,0.0289718852012,0.0543270437209,0.0,-0.227724551075,0.13633697006,2.12204124196,0.0213730155013,0.0565893767291,0.0,439.14162277418626,439.00604982439336,439.49995667711596,439.5551532966478
0.7600000000000003,-0.0551323353088,0.0360462913525,10.8124019622,0.0366057237487,0.0555565499209,0.0,-0.240765387913,0.143278125622,2.16544367572,0.00439493759181,0.0546123216924,0.0,451.4529461897911,450.97627943057176,452.8139464583498,448.6980181097136
0.7800000000000004,-0.0600859750839,0.039002824393,10.8562333735,0.0367509694761,0.0568834472451,0.0,-0.254598589598,0.152375178433,2.21769745492,0.00288038187397,0.057675985449,0.0,459.59267841494744,460.32241383434655,458.89553121573437,458.53465228956856
0.8000000000000004,-0.0653073033451,0.0421337228367,10.9008941035,0.037942205099,0.0582041123213,0.0,-0.267534236518,0.160714665938,2.24837555027,-0.00385349660855,0.0550902912114,0.0,440.45543973782867,439.81580312117524,439.82285230613235,438.146537531893
0.8200000000000004,-0.0707923422482,0.04543539942,10.946202245,0.0400709495731,0.059834537744,0.0,-0.280969653795,0.169452992394,2.2824385992,-0.0132467163042,0.0504919454289,0.0,444.0500631516106,442.91906221625226,443.50910462183634,441.18871577609406
0.8400000000000004,-0.0765511565981,0.0489176031419,10.9922129285,0.0407125351033,0.0615755462577,0.0,-0.294911781196,0.178767379795,2.31862975004,-0.00722502266791,0.0558999750337,0.0,444.136869639097,445.4670933617662,444.66722333182673,446.1447074699577
0.8600000000000004,-0.0825586439504,0.0525649744079,11.0383924099,0.0412521360788,0.064535885739,0.0,-0.305836954029,0.185969746805,2.29931838515,-0.00199395612682,0.0644844726443,0.0,389.3260415748779,391.73077260726075,388.47001798782634,389.9388744399711
0.8800000000000004,-0.0888499194571,0.0563956408271,11.0851135022,0.0412122582276,0.0658380170891,0.0,-0.323290596645,0.197096895111,2.37279085156,-0.0020010872161,0.0651899341137,0.0,479.8278502675207,479.9911975112842,477.91606404058155,477.9144760627254
0.9000000000000005,-0.0954854269998,0.0604434965499,11.1331769953,0.0411874532451,0.0673613286208,0.0,-0.340260157625,0.207688677174,2.43355845743,-0.00122091385463,0.0681531273202,0.0,467.71795419217773,468.4126504273986,467.937154673276,468.1193535168105
0.9200000000000005,-0.102448430254,0.0646934458398,11.1822211773,0.042801248682,0.0687676075466,0.0,-0.356040167814,0.217306251812,2.47085974123,0.00687405671705,0.0668383440017,0.0,446.88497315908256,446.56682547296754,446.1714211129475,448.14969993300497
0.9400000000000005,-0.109708729904,0.069126078847,11.2316975989,0.0429432572234,0.0701087146086,0.0,-0.369989797119,0.225957048905,2.47678242044,0.00644850262678,0.0672550060698,0.0,417.3626327782389,417.47536471531157,416.337844828605,416.2260265185268
0.9600000000000005,-0.117276537457,0.0737477615107,11.2816591168,0.0442756072816,0.0714856636925,0.0,-0.386790958194,0.236211217464,2.51936936882,-0.000489450978283,0.0661263083688,0.0,452.2401930786474,451.97067996132097,452.96794182890574,451.290967656552
0.9800000000000005,-0.125192107957,0.0785829039281,11.3325896167,0.0443047919021,0.073506056465,0.0,-0.40476609188,0.247303024282,2.57368062075,-0.00173802840991,0.0714097413633,0.0,462.95304717047026,464.20153972497576,462.66145719584375,462.36646932722016
1.0000000000000004,-0.133498329017,0.0836556064519,11.3849595868,0.0442875059528,0.0752536906133,0.0,-0.425856014113,0.259967228102,2.6633163913,-0.000901975328292,0.0678351682646,0.0,494.8658470465624,494.07923495476695,493.70423643055886,493.88929149603615
1.0200000000000005,-0.142193826229,0.0889594717887,11.438624468,0.0442816048306,0.0776752442284,0.0,-0.443693707094,0.270419305575,2.70317171936,-0.000205171643394,0.0613087596049,0.0,452.01097923563117,450.4337704463616,449.88206608461604,450.0513119381671
1.0400000000000005,-0.151260873407,0.0944774857106,11.4932022846,0.0463502192894,0.0810089211182,0.0,-0.463011010695,0.281382086611,2.75460994512,0.008900250679,0.070490266448,0.0,460.5389760007567,462.7150018428708,460.18378560182384,462.3409757255754
1.0600000000000005,-0.160708589466,0.100211880602,11.5486363083,0.0467420987266,0.0824558870834,0.0,-0.481760595218,0.292057402511,2.78879242899,0.0118251398982,0.0717094569372,0.0,445.2867641188409,445.5896554971637,446.0271509536685,446.74307244810745
1.0800000000000005,-0.17056510721,0.106177874793,11.6051216805,0.0470608961526,0.0842191557818,0.0,-0.503891179096,0.304542016621,2.85974478367,0.01363946763,0.0753375669669,0.0,479.19018275643214,480.0203982414614,478.83785555611996,479.2516015657615
1.1000000000000005,-0.180837984889,0.112377111055,11.6626589437,0.0479681235454,0.0858707275986,0.0,-0.523396588828,0.315381609537,2.89398153468,0.0186770783345,0.0729307393669,0.0,446.90206439358656,446.3175701244462,445.9768941443532,447.2094715367209
1.1200000000000006,-0.191480138549,0.118781462142,11.7205942615,0.048571671747,0.0873727693673,0.0,-0.540818777182,0.325053499149,2.89955025081,0.0217102722613,0.0716127563409,0.0,418.90114360788203,418.5616541865954,419.21414001671917,420.00406667264764
1.1400000000000006,-0.20248263581,0.125385340467,11.7787413702,0.0490880651632,0.0891597570371,0.0,-0.559430948951,0.335334333346,2.91516061861,0.023523423893,0.0753796252953,0.0,428.18902493501145,429.15347100231617,429.3838967844205,429.8451374085909
1.1600000000000006,-0.213907146764,0.132221120393,11.8377136794,0.0504354531107,0.0907257844002,0.0,-0.583020146472,0.348243659345,2.98207030427,0.0176008586732,0.0738507713824,0.0,476.38932243780454,476.04253928380786,477.71997938635036,476.36326729729495
1.1800000000000006,-0.225760863155,0.139292703227,11.8975105411,0.0511145767158,0.0927465315745,0.0,-0.602351492576,0.358914623993,2.99761586559,0.0212180754579,0.0785143826296,0.0,428.97068986353264,430.1615780343107,429.3024118214065,430.2221567539262
1.2000000000000006,-0.237967678118,0.146558320523,11.9572114985,0.0520051183837,0.0981999427635,0.0,-0.618330003778,0.367647105657,2.9724798714,0.0168998343407,0.0909773253582,0.0,386.190350433494,389.70705658139,389.0937313492271,387.8790384693023
1.2200000000000006,-0.250572817624,0.1540366746,12.0171123701,0.053379038178,0.102082073755,0.0,-0.642183946805,0.380188301988,3.01760728451,0.0233369862187,0.0818941882706,0.0,458.83811887501435,456.67637344295787,456.8888801916312,458.4258725563914
1.2400000000000007,-0.263669547468,0.161771767873,12.0779644913,0.054063722918,0.1040442618,0.0,-0.667489037533,0.393321025344,3.06760484259,0.0262895784065,0.0854958783169,0.0,461.89245849073484,462.74895985454066,462.3503111267221,463.0476868032668
1.2600000000000007,-0.277251734025,0.169757948677,12.1395718928,0.0549232507411,0.105763363403,0.0,-0.690729618161,0.405297055006,3.09313530037,0.029943268349,0.0848897748,0.0,441.00375870504644,440.85961621304335,438.9469305473962,439.85578288110474
1.2800000000000007,-0.291324291733,0.177996735967,12.2018934531,0.0555224259963,0.108138298334,0.0,-0.71652615263,0.418581674014,3.1390207306,0.0300546035671,0.0900941553961,0.0,458.53126004703006,459.77560003834355,459.5100506666122,459.5367782483817
1.3000000000000007,-0.305919661204,0.186503165021,12.2651419621,0.0584619741892,0.109962376403,0.0,-0.743010794476,0.432061231449,3.18583016803,0.0397261207625,0.0891519248085,0.0,460.49514115362246,460.2779662317189,459.52090085595313,461.8154787546635
1.3200000000000007,-0.321053664663,0.195288651356,12.3293660031,0.0604269550954,0.112662037523,0.0,-0.770389551439,0.44648740197,3.23657393813,0.0465685135923,0.0830967695709,0.0,464.74869692754123,463.32895373364914,464.0948904999456,465.70403061304984
1.3400000000000007,-0.336727814977,0.204359904146,12.3944790489,0.0628936986862,0.114324080583,0.0,-0.797025480033,0.460637877118,3.27473064151,0.0387317455876,0.0831623952867,0.0,453.3943441060211,453.4156377897052,454.3218333414171,452.4340846031736
1.3600000000000008,-0.352930736162,0.213715580745,12.4602856749,0.0645767750762,0.116492661063,0.0,-0.823266638432,0.474929782728,3.30593195352,0.0327036729995,0.0786664745835,0.0,447.79840971274723,446.7054427070966,447.9825238362244,446.51030493374367
1.3800000000000008,-0.369685089115,0.223372787166,12.5268997966,0.0654707432896,0.119405547045,0.0,-0.852168656876,0.490790859336,3.35548021959,0.0358013802382,0.0859864649939,0.0,463.64916939338843,465.3759504811309,463.9884025405363,464.7177892204291
1.4000000000000008,-0.387032813064,0.23335375468,12.5945713278,0.0663318591929,0.121381652311,0.0,-0.882603737996,0.507305892149,3.41167290018,0.038210432322,0.082784116066,0.0,471.86009232008007,471.1234754717486,469.8610374117482,470.4215065837253
1.4200000000000008,-0.405007740192,0.243674432954,12.6634758769,0.0684886009773,0.1265810044,0.0,-0.914888974786,0.524761935211,3.47878200901,0.0307471002566,0.0708783699454,0.0,481.66834669294064,478.96452907616435,482.29690209610055,480.60340464742774
1.4400000000000008,-0.423614882224,0.254335138147,12.7335070724,0.0695854774663,0.130801568347,0.0,-0.945825228408,0.541308584094,3.5243375383,0.0351377015085,0.0602897032724,0.0,462.9965522523788,460.49409972648374,462.38487643245037,463.42170705208235
1.4600000000000009,-0.442900569771,0.265355502637,12.8048236615,0.0720291022427,0.132016322829,0.0,-0.982743526336,0.560727864941,3.60732137249,0.0267929528694,0.0608883823678,0.0,496.05668834046696,496.19072112906287,496.0754621198944,494.23412599117484
1.4800000000000009,-0.462888944964,0.276749800512,12.8775047799,0.0729425267388,0.133634305403,0.0,-1.01609399298,0.578701922547,3.66079047462,0.0229067442348,0.0648894568585,0.0,469.88637961895733,470.81843391766375,471.2647206838166,470.36277206589114
1.5000000000000009,-0.483486486481,0.288472189933,12.9507947405,0.0735702538106,0.135076663084,0.0,-1.0436601587,0.593537019544,3.66820558654,0.0203021929334,0.0672941900589,0.0,427.73480981529275,428.3520603750342,428.1404707147328,427.47517214642494
1.520000000000001,-0.504660685372,0.300504552228,13.0243960899,0.0745740555771,0.139777715269,0.0,-1.07375973038,0.609699209938,3.69192935352,0.0251920105491,0.055709426991,0.0,445.84472418490066,442.9993247411274,442.60063143594647,443.8063630656874
1.540000000000001,-0.526484318679,0.312881841032,13.0987328405,0.0771525815872,0.140893071449,0.0,-1.10860360037,0.628029670434,3.74174570232,0.0160822667565,0.0554933122075,0.0,467.4762958964117,467.4277016346566,470.15834855156874,468.0361162759728
1.560000000000001,-0.548988230343,0.325621458906,13.1739282099,0.0775517392586,0.142036558562,0.0,-1.14178756598,0.645932116972,3.77779123355,0.0178430885674,0.0543336420929,0.0,456.4897302375407,456.21400222726453,455.8245482919023,456.24642189195475
1.580000000000001,-0.572123223135,0.338700811502,13.2495973503,0.0784761817805,0.143204381129,0.0,-1.17171171328,0.662003142645,3.78912281113,0.0226078792261,0.0525319792475,0.0,433.01014498239874,432.5572317713894,432.8580396686702,434.0593352399459
1.600000000000001,-0.59590525565,0.352128447721,13.3258106592,0.0791743738662,0.144261275744,0.0,-1.20649153819,0.680760479248,3.8322080731,0.0194707818342,0.0530321803898,0.0,463.2633548441107,463.38301322891186,463.3737491768684,462.63328002004937
1.620000000000001,-0.620326113719,0.365900466884,13.4024772706,0.0805766593261,0.145617169158,0.0,-1.2355942687,0.696441437092,3.83445307435,0.0258359050012,0.0495956134596,0.0,424.52096591422224,423.63731473921746,424.6941653787428,426.32898258731257
1.640000000000001,-0.645393622645,0.380022719357,13.4796079455,0.0838051859977,0.146654122245,0.0,-1.2711566239,0.71578381014,3.87861441677,0.0154208993428,0.050937862588,0.0,464.6939626028582,465.0109443458419,465.7131245322806,463.262719554189
1.660000000000001,-0.671138356194,0.394518756239,13.5573734604,0.0851944529865,0.148604770261,0.0,-1.30331673103,0.733819878097,3.89793707192,0.00884564572959,0.0570432397727,0.0,441.116734464025,442.62845662375764,443.00085224615464,441.37564600142366
1.680000000000001,-0.69749539801,0.409358384843,13.6352899926,0.0861769698678,0.149749874644,0.0,-1.33238745056,0.75014298228,3.89371614923,0.0145222784172,0.0574550449405,0.0,420.37536326487276,420.48484774535956,417.3318799866297,418.8157239618239
1.700000000000001,-0.724475333107,0.424548599008,13.7133798901,0.0868990447215,0.153026112477,0.0,-1.36560605917,0.768878434235,3.91527359396,0.0186774163708,0.066679223893,0.0,444.92811933713716,447.1903977088905,442.47080111041174,443.49581506569587
1.720000000000001,-0.752110622142,0.440105783572,13.7917945302,0.0880107026657,0.155331328904,0.0,-1.39792284426,0.786840022173,3.9261904222,0.0132437817982,0.0604450216191,0.0,436.1566461793051,434.5951241656497,434.6110042647463,433.2424273950421
1.740000000000001,-0.780424858401,0.456039924433,13.8706026394,0.0891066588533,0.15658748895,0.0,-1.43350078168,0.806574063888,3.95462049631,0.0190094753442,0.0618199341666,0.0,451.49858145067964,451.83379372850357,450.827109691174,452.22254259891616
1.7600000000000011,-0.809561269304,0.472431768375,13.9506575485,0.0901049499199,0.157861528065,0.0,-1.48014030866,0.832610330354,4.05087041312,0.0239818050183,0.0630469701382,0.0,511.53362162699597,511.7978948959926,510.71151179158363,511.7743215017101
1.7800000000000011,-0.839452829984,0.489244515163,14.0315006439,0.0909692128977,0.159441438806,0.0,-1.5090157593,0.848664348419,4.03343912409,0.0279041863229,0.0666189238784,0.0,406.9882636658701,407.94962759741367,407.477004315151,408.5278339734831
1.8000000000000012,-0.869981248694,0.506411609151,14.1123433773,0.0930925503661,0.160958108176,0.0,-1.54382611168,0.86804505041,4.05083421719,0.0199915287618,0.0693339995126,0.0,441.991993675907,442.6661634203839,443.4048030765347,441.4503846762245
1.8200000000000012,-0.901228136227,0.523981537613,14.1936484692,0.0938789926021,0.163465494095,0.0,-1.58086264166,0.888947795754,4.07967497027,0.0239240173416,0.0626386102662,0.0,453.94844553607044,452.3371817510483,453.36883139762784,454.3157772508721
1.8400000000000012,-0.933187901537,0.541951992982,14.275325963,0.101542943168,0.165774674045,0.0,-1.61511388928,0.908097741183,4.08807441468,0.0408774479309,0.0561381249146,0.0,435.57104965840483,433.9398467532148,431.9309833962984,436.1997060178131
1.8600000000000012,-0.965793653132,0.560294468398,14.3569077376,0.102779894075,0.167556833082,0.0,-1.64546127022,0.926149800421,4.07010304164,0.0367815868564,0.0612738684381,0.0,408.35564143583906,409.7303204026606,408.108986863538,407.011655804053
1.8800000000000012,-0.998991223332,0.578988829416,14.4380203602,0.103536035546,0.169298730814,0.0,-1.67429574982,0.943286301366,4.0411592241,0.0358758333878,0.0658188452828,0.0,395.75888661124867,397.01524197171216,397.238244813158,396.98975969132954
1.9000000000000012,-1.03291891838,0.598117923278,14.5194279894,0.104254135837,0.170887097237,0.0,-1.71847375493,0.969623084861,4.09960369231,0.0360286239826,0.0691172662212,0.0,481.05820887764753,481.80981466094084,480.7770157288768,480.81221102879664
1.9200000000000013,-1.06763844323,0.617717518398,14.6014501865,0.108417318463,0.172544919928,0.0,-1.75347872963,0.990336427088,4.10261601581,0.0242938719251,0.0657977640495,0.0,430.2813104909719,429.4411219986254,431.85251247828137,428.8730498049079
1.9400000000000013,-1.10314055573,0.637788602498,14.6839814246,0.109686426843,0.175169081482,0.0,-1.79673252072,1.01677198296,4.15050779488,0.0186966192363,0.0585639371968,0.0,472.87898643913013,471.20710547279646,473.8029410831944,472.51012851915755
1.9600000000000013,-1.13942769911,0.658337672592,14.7669821437,0.110084541052,0.181927972336,0.0,-1.83198181715,1.03813502642,4.14956411721,0.0196801196011,0.073514003564,0.0,425.23183862184163,429.05963364642025,426.9264799842177,427.17814312397286
1.9800000000000013,-1.17648720438,0.679346705295,14.8502536429,0.110915633696,0.183857043845,0.0,-1.8739687103,1.0627682439,4.17758579833,0.0154968660769,0.0692301201011,0.0,455.39462781532353,454.36943731311607,456.4083113791103,455.405443977622
2.0000000000000013,-1.21432377666,0.700810034628,14.9337249905,0.111308224677,0.188150808905,0.0,-1.90968851772,1.08356468935,4.16954896513,0.0173151472458,0.0800174509259,0.0,418.63555942176646,421.44634988354824,421.3192454427365,421.79057533062127
2.0200000000000014,-1.2529054464,0.722702827373,15.0171509764,0.111826103752,0.190034485592,0.0,-1.94847845614,1.10571458519,4.17304962552,0.0199348886824,0.0766509829326,0.0,432.8650342949833,432.01955104193087,432.2963658630667,432.95811510716993
2.0400000000000014,-1.29227468722,0.74504393145,15.1006859446,0.112449157276,0.191796806613,0.0,-1.98844562611,1.12839582252,4.18044719774,0.0169391867619,0.0736224429435,0.0,437.19306992400965,436.4400776167008,436.71093636932153,435.9605521137597
2.0600000000000014,-1.33250446629,0.76787284257,15.18466117,0.114687714615,0.193775366584,0.0,-2.03453228026,1.15449528943,4.21707533644,0.0256564652451,0.069123060265,0.0,464.47870695241636,463.42277229138415,463.99705307329225,466.0457262159364
2.0800000000000014,-1.37367092316,0.791234616074,15.2694181474,0.118353309249,0.195748324223,0.0,-2.08211340683,1.18168206096,4.25862240107,0.0368858291254,0.0642630337898,0.0,469.76415279382206,468.63544514141273,468.56041430815105,471.17245218613425
2.1000000000000014,-1.41572012312,0.815104678681,15.3546340009,0.119312727715,0.197104708827,0.0,-2.12280658934,1.20532419982,4.26296294903,0.0339078977359,0.0659497338654,0.0,434.57617939109633,435.00329248400516,435.74660215748145,434.9996948979181
2.1200000000000014,-1.45860617648,0.839461186763,15.4400348221,0.120196221116,0.198567868503,0.0,-2.1657987466,1.23032660834,4.27711917034,0.0310419916196,0.0683511084603,0.0,444.7723871782017,445.36529884669454,444.96815860558144,444.2641408688107
2.1400000000000015,-1.50237131559,0.864328809466,15.5257957965,0.122803865247,0.200054136691,0.0,-2.2107151646,1.25643566199,4.29897827115,0.0221272750269,0.0705351049702,0.0,452.9748508922784,453.50491603147015,452.8402002932115,450.6838075264998
2.1600000000000015,-1.54706890685,0.889742560823,15.6121418458,0.12456567988,0.201513206837,0.0,-2.25904396144,1.28493947372,4.33562666685,0.0293916239505,0.0719260477631,0.0,465.6937897732379,466.0236629874927,466.70128805403925,468.3993590333456
2.1800000000000015,-1.59273142287,0.915726978608,15.6991931533,0.125163945271,0.205406048049,0.0,-2.30720764049,1.31350230475,4.36950407919,0.0300376243207,0.062017828433,0.0,465.47718093762825,463.148667542348,465.03496084356556,465.18697633908704
2.2000000000000015,-1.63928738434,0.942236252455,15.7865432736,0.131180540378,0.206730293361,0.0,-2.34838850658,1.33742508001,4.36550795128,0.0153191425771,0.0638496443951,0.0,429.11900432026795,429.58822256566197,430.6784378921766,426.9272195101243
2.2200000000000015,-1.68672297765,0.969268567562,15.8740621634,0.131572347712,0.210828919525,0.0,-2.39517082421,1.36580643063,4.38638102982,0.0171676498892,0.0744734540253,0.0,452.8644313312513,455.42402959683307,452.75997012055865,453.205865335109
2.2400000000000015,-1.73499588375,0.996803004883,15.9614982356,0.13195995654,0.213987422024,0.0,-2.43211978555,1.38763730153,4.35722619063,0.0184981509987,0.0663026929394,0.0,405.23260019419484,403.027727706229,403.8574932987189,404.2173685968254
2.2600000000000016,-1.78406034374,1.02480279256,16.0485640064,0.133148270588,0.219556626844,0.0,-2.474326214,1.41234146613,4.3493508825,0.0242195180684,0.0793305875678,0.0,424.55795300364304,427.90211805512604,425.2438115812193,426.7117468086248
2.2800000000000016,-1.83409902097,1.05336942597,16.1359996252,0.134804799719,0.221846984915,0.0,-2.52954150874,1.44432187494,4.39421100235,0.017372215622,0.0740249440836,0.0,477.5498394720567,476.3386129187231,477.2630991302647,475.69252297178195
2.3000000000000016,-1.88509506595,1.08248823363,16.2236588258,0.137158987994,0.223592252512,0.0,-2.57006298925,1.46755889144,4.37170906101,0.00841287644548,0.0707706010414,0.0,413.2202502374925,412.36330504109804,412.93042776359016,410.55208457226587
2.3200000000000016,-1.93696408999,1.11211114298,16.3111238484,0.137913293321,0.225975074911,0.0,-2.61683941505,1.49473204326,4.37479319022,0.0132545612705,0.0645499567747,0.0,438.1970061170355,436.6466107354983,438.4954311436629,439.7004574754777
2.3400000000000016,-1.9897359986,1.14225603183,16.3984860427,0.139529754204,0.227266611371,0.0,-2.6603514459,1.51975684157,4.36142624883,0.0206067572892,0.064403351821,0.0,422.98241598021787,422.9478202653743,420.32761274902117,422.23496689001246
2.3600000000000017,-2.04347977292,1.17296349679,16.4860025941,0.142481709678,0.228901570772,0.0,-2.71402598563,1.55098965443,4.39022888856,0.0105274312641,0.0606783424813,0.0,463.51122744131317,462.63490903618066,464.76191641388476,462.3855331293874
2.3800000000000017,-2.09819303617,1.20423605212,16.5736335207,0.145211311777,0.230359507811,0.0,-2.75730033933,1.57626587872,4.37286377371,0.02056546588,0.0575518736143,0.0,419.43973301413706,418.6271029144874,417.2731193293672,419.89407952059656
2.4000000000000017,-2.15387343918,1.23607954736,16.6613312504,0.146363330372,0.235121911952,0.0,-2.81073996184,1.60808364532,4.39690919065,0.0260086608136,0.0455329440965,0.0,461.8354588568292,458.9844927944597,458.27779170714376,459.57407639497205
2.4200000000000017,-2.21065814475,1.268576345,16.7496085868,0.146961777328,0.237076821445,0.0,-2.8677305947,1.64159611875,4.43082445247,0.0242392118566,0.0390699707537,0.0,470.21274075423673,468.70919178353813,469.87527891628326,469.46361200686624
2.4400000000000017,-2.26854181187,1.30171653257,16.8383747831,0.147668933934,0.237950938524,0.0,-2.92063611797,1.6724226376,4.44579517611,0.0212567808402,0.0371441705134,0.0,452.43461260151764,451.9698812178407,452.9916626593519,452.27156524943666
2.4600000000000017,-2.32745766878,1.33545719147,16.927323691,0.148173594216,0.239598718726,0.0,-2.97094957273,1.70164325327,4.44909560943,0.0194732487907,0.0431604710075,0.0,439.95285893288354,441.44561100408436,442.54361743632484,442.1029099923248
2.4800000000000018,-2.38739824142,1.36979167255,17.0163963667,0.148567073881,0.240724078068,0.0,-3.0231076917,1.73180485453,4.45817196901,0.0198739825728,0.0463986799097,0.0,447.2304422871175,448.02213294930624,447.24383650590465,447.34171371995484
2.5000000000000018,-2.44839048468,1.40473316383,17.1056719839,0.148992671505,0.242630052992,0.0,-3.07611663428,1.76234427365,4.46938974629,0.0209345102427,0.0526532824581,0.0,449.4470430208762,450.96671910943166,449.4061977490539,449.66401009943604
2.520000000000002,-2.51046399934,1.44029579249,17.1952366082,0.151213425597,0.249217515829,0.0,-3.13123483131,1.79391859196,4.48707268422,0.0294246548503,0.0675319882998,0.0,454.6097181258965,458.1745926800907,455.5337351215294,457.5662266685334
2.540000000000002,-2.5737405511,1.47654496191,17.2854855046,0.153690019109,0.250918873994,0.0,-3.19642034522,1.83099835025,4.53781695612,0.0381151103404,0.0712774837182,0.0,487.46662646047156,488.30865029871427,486.60356032613356,488.5517749095773
2.560000000000002,-2.63818260144,1.51345600287,17.3761953698,0.154529215362,0.252403751608,0.0,-3.2477846882,1.86010574595,4.53316956284,0.0398688953383,0.0697369910705,0.0,436.537242659663,436.1553721885353,436.5935214953681,437.03308046751476
2.580000000000002,-2.70370455157,1.55097966257,17.4669990171,0.155696043745,0.25418418052,0.0,-3.30441032459,1.89226022388,4.54719516368,0.0437131142521,0.0658091973367,0.0,454.8967563406591,453.9556313170774,455.2366898269098,456.15947903098845
2.600000000000002,-2.77046465293,1.58920881426,17.5584663347,0.156788096341,0.255502904816,0.0,-3.37159981199,1.93065494482,4.59953660119,0.0466646583274,0.0654904278644,0.0,490.6156008640176,490.5473435082372,490.67993230860964,491.3377984289878
2.620000000000002,-2.83836472317,1.62808387594,17.6501929218,0.157984940244,0.258112813092,0.0,-3.41840721146,1.95685122358,4.5731221043,0.0499115074892,0.0727018069788,0.0,414.7429709306495,416.64262331671796,416.07729918392715,416.9308160671374
2.640000000000002,-2.90719255543,1.66747636334,17.7413390164,0.16043050672,0.25958430398,0.0,-3.46437601502,1.98239751606,4.54148735476,0.0423027327501,0.0735373846023,0.0,410.2484752676314,410.4756096872625,412.1353026929784,410.1141973073704
2.660000000000002,-2.97714846607,1.70750705219,17.8326147135,0.163759743342,0.263846988991,0.0,-3.53121504853,2.02067136887,4.58608236357,0.032336425575,0.084105141827,0.0,483.90030536302913,486.2850330707423,486.03556631705004,483.79003508170547
2.680000000000002,-3.04843721128,1.74830163386,17.9247239262,0.164855859875,0.266148411916,0.0,-3.59765947236,2.05878679794,4.62483890278,0.0280966707668,0.0791279133301,0.0,481.11084338426514,479.9840123054164,481.629410269277,480.66661521200626
2.700000000000002,-3.12089352832,1.78975967522,18.0169999962,0.165486132661,0.267752796681,0.0,-3.64797223204,2.08701733866,4.60276809528,0.0297500233683,0.0800622901066,0.0,422.2978296803761,422.5449702284285,423.1542504385055,423.58135296740494
2.720000000000002,-3.19451537707,1.83187636749,18.1093929661,0.166081483911,0.269388153736,0.0,-3.71421264315,2.12465188768,4.63652889966,0.029868477293,0.0788941933185,0.0,476.71455762451967,476.45134906342184,477.92889517059,477.9561891648138
2.740000000000002,-3.26954011817,1.87479052731,18.2027219338,0.166844371767,0.271358624836,0.0,-3.78826146684,2.16676409503,4.69636787076,0.0324415556799,0.0749314304771,0.0,501.5267043808436,500.6665747031482,501.19513658356215,501.75610428406765
2.760000000000002,-3.34593520407,1.91847868392,18.296832543,0.167703786468,0.275673229962,0.0,-3.85124712303,2.20205156541,4.71469304312,0.0353438553685,0.0855445855526,0.0,463.89984194522964,466.39782430797896,463.90307090158063,464.5867200001506
2.780000000000002,-3.42350552109,1.96281789209,18.3909773976,0.169324958869,0.2787602281,0.0,-3.90578457936,2.23186925183,4.69979241495,0.0292963921192,0.0929637672521,0.0,432.47900765950135,434.3562628404335,433.5335346986012,432.0067293179966
2.800000000000002,-3.50216232299,2.00774949163,18.4847851609,0.170483676346,0.28121814959,0.0,-3.95989560989,2.26129070249,4.68098392283,0.0340829969057,0.0978572165251,0.0,428.9000739220955,430.15295667858,428.90479830748575,430.12318895374983
2.820000000000002,-3.58180009381,2.0532084163,18.5778515286,0.171500816119,0.286441811281,0.0,-4.00388147227,2.28460176387,4.62565284568,0.037746218629,0.109287907424,0.0,390.2320826943169,393.43047586044435,389.05067913808955,390.07919654547356
2.840000000000002,-3.66259465622,2.09929013731,18.6707088552,0.173288770751,0.288635691828,0.0,-4.07557476903,2.3235703373,4.66007981624,0.0313180610099,0.10985790386,0.0,480.9092314201242,481.048298447482,482.3878641746513,480.92973540025775
2.860000000000002,-3.74480376341,2.1461399884,18.7641680639,0.174283195494,0.291139316161,0.0,-4.14533594937,2.36141477171,4.68584105328,0.0351550573537,0.106356668332,0.0,473.9268425599392,473.12853175506945,474.50034281825646,475.38363349095005
2.880000000000002,-3.82828148672,2.1936711577,18.8577025447,0.175066928803,0.293378412924,0.0,-4.20243638238,2.39170215841,4.66760702362,0.0369509656061,0.108472923483,0.0,432.4052340226214,432.95009363455745,431.6734082518126,432.1284812024578
2.900000000000002,-3.9129903502,2.24185729513,18.9511447916,0.175867245765,0.295608306381,0.0,-4.26844996507,2.42691158489,4.67661766935,0.0353851092855,0.106918124623,0.0,459.01108279830254,458.6506565763811,460.44079880642613,460.0695189782916
2.920000000000002,-3.99910827673,2.29079631844,19.0450340957,0.176580813037,0.300547344501,0.0,-4.34334268823,2.46699074613,4.71231273658,0.0358694680817,0.117502406605,0.0,483.3785840248773,485.7749308031075,485.5660574272249,485.6755003079123
2.940000000000002,-4.08670193867,2.3405179845,19.1395240036,0.178365629566,0.306837087576,0.0,-4.41602350606,2.50517585975,4.7366780501,0.0293351673004,0.104949008749,0.0,476.72052474051793,473.84501935774165,477.13205100218374,475.6333030802285
2.960000000000002,-4.17565898408,2.3909474324,19.2341704975,0.179504810835,0.309798216259,0.0,-4.47968103505,2.53776892999,4.72797134597,0.0340361370842,0.0990765356496,0.0,445.5823001327198,444.1490290802885,445.1107215268772,446.2638803037593
2.980000000000002,-4.26578974854,2.44197093167,19.3283144282,0.180996349773,0.312988084523,0.0,-4.53339541015,2.56458099662,4.68642171954,0.0283411701956,0.106028765654,0.0,411.0891104386663,412.9428255810086,412.3907172328651,410.87901511313186
3.000000000000002,-4.35714580848,2.49361289543,19.4220658579,0.182002908763,0.322963077615,0.0,-4.60221058445,2.59961538027,4.68872125823,0.032535144856,0.123753796293,0.0,454.95068273843776,459.19887984481716,456.1332761708961,457.13736600961914
3.0200000000000022,-4.44978100476,2.54589244879,19.5155116572,0.182658001013,0.327038645518,0.0,-4.66130904327,2.62833995535,4.65585866531,0.0321161291997,0.115752566447,0.0,423.209606558443,421.1527793948979,423.0622437822123,422.95442511773865
3.0400000000000023,-4.54376698532,2.59883288592,19.6087645644,0.183647289934,0.329420567412,0.0,-4.73728901229,2.6657037575,4.66943205455,0.0358415356825,0.114117077949,0.0,469.53613750005155,469.16646310575555,469.1015196896982,469.9690693836093
3.0600000000000023,-4.63935395868,2.6525619421,19.7025025123,0.184657423595,0.332492426036,0.0,-4.82140832414,2.70720186102,4.70436273626,0.0392667536193,0.108497408688,0.0,490.39702121420237,489.15318617350886,490.10935735262206,490.87306848909066
3.0800000000000023,-4.73640435726,2.70700143332,19.7962887964,0.185836582876,0.334984795982,0.0,-4.8836315342,2.73674726046,4.6742656742,0.0432357545411,0.112088630051,0.0,426.66933401473875,427.59924688538746,428.1739712667787,429.18684263284246
3.1000000000000023,-4.83476405034,2.76206448886,19.8896385937,0.186784772017,0.338032496146,0.0,-4.95233777319,2.76955829366,4.66071405265,0.0414084718527,0.117766402723,0.0,443.9373458534132,445.3442508932225,445.9889341387635,445.5418980742817
3.1200000000000023,-4.9343523116,2.81770403708,19.9822886867,0.187939672823,0.341933831102,0.0,-5.00648835312,2.79439652786,4.60429525266,0.0377933294303,0.10990254387,0.0,401.21640994333825,399.0823219311652,400.9760197740149,399.99038926207703
3.1400000000000023,-5.03516237573,2.87391040358,20.074172595,0.188703945954,0.345536578071,0.0,-5.07451805953,2.82624012241,4.58409557796,0.0372134486487,0.10240668877,0.0,440.75713019751,438.9050736153271,438.60579759522864,438.46196095509043
3.1600000000000024,-5.13730522852,2.93073547076,20.1655529223,0.191044958635,0.349801170195,0.0,-5.13976721949,2.85626659603,4.55393714745,0.0292215935245,0.111822544224,0.0,427.7465817196376,430.1554956383238,430.9398317089392,428.908611358786
3.1800000000000024,-5.24073636663,2.98815096619,20.2562591926,0.192055318669,0.353901330139,0.0,-5.20334659182,2.8852829469,4.51668988534,0.0333491989478,0.120456683578,0.0,421.49483759285494,423.73982518048865,421.9343408471226,423.00260838896594
3.2000000000000024,-5.34553447292,3.04619255414,20.3464501377,0.193632901499,0.357206359182,0.0,-5.27646403708,2.91887584796,4.50240462132,0.0393844250431,0.114470381312,0.0,447.90419632635593,446.4539258650313,445.73861564305986,447.2165832043412
3.2200000000000024,-5.45186427525,3.10493975249,20.4365149255,0.196784170022,0.361922698638,0.0,-5.35651619555,2.95584398655,4.50407415981,0.029661092234,0.104617601339,0.0,464.43640097488657,462.1228705385673,464.6399267800649,462.34760619459
3.2400000000000024,-5.55965991539,3.16435610394,20.5262303654,0.197583563704,0.364215117497,0.0,-5.42304781866,2.98579115934,4.46746983378,0.0325328292454,0.101788701677,0.0,425.5361965185605,424.8190050783004,425.5639794723431,426.3012766912404
3.2600000000000025,-5.66899248408,3.2244751716,20.6157285028,0.199986518009,0.36626605292,0.0,-5.51020905078,3.02611560644,4.48234390834,0.0241607381785,0.102567454258,0.0,477.88480499786635,478.0710665471616,478.15618390749296,476.23884730408855
3.2800000000000025,-5.7800138497,3.28537355951,20.7053663966,0.201642323467,0.368956154599,0.0,-5.59192751123,3.06372318401,4.48144546338,0.0173121158523,0.0975127432137,0.0,463.63002693409584,462.4454705263878,464.5513037985716,462.93711790571587
3.3000000000000025,-5.89255350859,3.34696254099,20.7946714473,0.202079645971,0.370928205963,0.0,-5.6620383773,3.09517496396,4.44905961125,0.0154033970468,0.0965790087909,0.0,431.9709104768786,431.74301216880843,432.98066096827813,432.49845467584635
3.3200000000000025,-6.00649158104,3.40917563149,20.8833044445,0.202429544379,0.373864452438,0.0,-5.73176886777,3.12613408662,4.4142401076,0.0141098674966,0.090239714509,0.0,431.23731118990156,429.63574301775503,429.8455471269866,429.5163854050015
3.3400000000000025,-6.12197699889,3.47208222312,20.9716037359,0.205981034831,0.377521814333,0.0,-5.816772917,3.16452507609,4.41568903696,0.00267432098356,0.0816314217529,0.0,468.5513167227974,466.54520452376823,468.4317051628293,465.75552721659864
3.3600000000000025,-6.23914841023,3.53575071705,21.0598706194,0.206111587791,0.38443019907,0.0,-5.90036821783,3.20232431677,4.41099930852,0.000918569971476,0.0961583020811,0.0,460.6489660034729,464.08830643890343,462.78932926637805,462.37439671727384
3.3800000000000026,-6.35800656533,3.60017370226,21.1480389541,0.206207679132,0.38672114707,0.0,-5.9854472919,3.23997420398,4.40583415938,0.00268174826012,0.0923227736491,0.0,463.571356090085,462.67356486486284,463.2721702039034,463.6879757726269
3.4000000000000026,-6.47855083935,3.6653376064,21.2360490347,0.206289752917,0.391820960515,0.0,-6.06898011032,3.27641621006,4.39517390542,0.00161518706782,0.103730416652,0.0,457.2763808017456,460.0020556933989,458.69523140537115,458.4409432280962
3.4200000000000026,-6.60081131959,3.73124590612,21.3239232533,0.20702616155,0.396632720205,0.0,-6.15706791287,3.31441376185,4.39224795607,-0.00369180790669,0.0932668582561,0.0,468.7256264895422,466.287944914502,467.7627829135582,466.52095940695847
3.4400000000000026,-6.72486300675,3.797923001,21.4117774794,0.207070526941,0.398541982194,0.0,-6.24810080372,3.35329572622,4.39317465015,-0.00586621862612,0.0945923743645,0.0,471.5727809348922,471.8867221570112,473.08279374568303,472.58019714709104
3.4600000000000026,-6.8507128489,3.86536260935,21.4995816974,0.207429262735,0.403267708411,0.0,-6.33688341079,3.39066510949,4.38724714994,-0.00150245801449,0.105239211885,0.0,465.1427655681515,467.6451729947224,465.8951087904857,466.9179080455923
3.4800000000000026,-6.97830387583,3.93352674252,21.5871591266,0.207463352088,0.405382443047,0.0,-6.4222192828,3.42574820734,4.37049577314,9.92724599655e-05,0.105870096932,0.0,456.70742624586853,456.8677443535969,456.4726535103193,456.8560834742037
3.5000000000000027,-7.10756291878,4.00236975866,21.67429701,0.207576903825,0.408413037288,0.0,-6.50368501231,3.4585534064,4.34329256342,-0.00201322641952,0.111913911297,0.0,446.11320070717574,447.6013823329201,446.8188341886637,446.3017273309921
3.5200000000000027,-7.23851509869,4.0718945328,21.7610156993,0.207816560028,0.411443049429,0.0,-6.59153297833,3.49392400727,4.32857636356,0.0013329399339,0.106286357956,0.0,461.66777187598325,460.3440376861178,458.83968310762725,459.63619135105375
3.5400000000000027,-7.37127482414,4.14214591893,21.8475329631,0.208789621477,0.41458979937,0.0,-6.68443956706,3.53121460616,4.32315001845,-0.00481979165568,0.112677047378,0.0,469.089341040202,470.5853704087321,471.3609964635117,469.9319856019544
3.5600000000000027,-7.50588065336,4.21313394163,21.9338928917,0.209588084407,0.41686584669,0.0,-6.77614335478,3.56758766354,4.31284284277,0.00116304634428,0.111728229749,0.0,465.88251148348934,465.6704820405259,466.47920372566966,467.8791380993822
3.5800000000000027,-7.64234134605,4.2848561522,22.0200747961,0.209986071301,0.419197150669,0.0,-6.86992591382,3.60463339402,4.30534759551,0.00503461433025,0.10976110612,0.0,469.9660754876415,469.5186553908786,470.14415292084954,471.04341108971073
3.6000000000000028,-7.78057068845,4.35726527321,22.1058537758,0.210980177553,0.421545849167,0.0,-6.9530083265,3.63627870711,4.27255037512,0.0110126205717,0.107283394475,0.0,445.8031713991786,445.2058259059411,444.5435969649629,446.01106202403986
3.6200000000000028,-7.92059513643,4.43036690725,22.19125097,0.21216303212,0.424511277579,0.0,-7.04943647167,3.67388469675,4.26716904267,0.00480745447966,0.101557102402,0.0,474.8336909410206,473.52295955812934,474.1768894026887,472.74415065637146
3.640000000000003,-8.06253993772,4.50421377245,22.2765013043,0.213398237812,0.428107821744,0.0,-7.14504365718,3.71080182341,4.25786439444,-0.00194252804644,0.0936440698172,0.0,472.70176321173545,470.87664783835953,471.15771412052254,469.58899823766404
3.660000000000003,-8.20638847838,4.57879151248,22.3615236549,0.214268306626,0.432780753378,0.0,-7.23981040896,3.7469721793,4.24437066237,0.00408712990138,0.104227170002,0.0,467.0535008749723,469.5307787733179,467.21969662803076,468.628312437165
3.680000000000003,-8.35209650085,4.65407091279,22.4461725137,0.214982829503,0.435652334437,0.0,-7.33099183742,3.78096785144,4.22051521541,-0.000943894962176,0.109838008296,0.0,457.9783239852396,459.3246727424337,459.798487973729,458.60077964897044
3.700000000000003,-8.4994889116,4.72996254214,22.5300324856,0.215368576842,0.438290751638,0.0,-7.40824923779,3.8081950836,4.16548197808,0.00307916475833,0.114041135869,0.0,425.66955964668165,426.7588039189266,426.8576026181367,427.8866695195835
3.720000000000003,-8.6486661773,4.80650403365,22.6132749456,0.215497432454,0.442125035947,0.0,-7.50947733222,3.84595406713,4.15876402386,0.00471955881474,0.106158340448,0.0,478.3905708266668,476.596599484545,477.1347051904381,477.5103046802813
3.740000000000003,-8.79992980098,4.88382244794,22.6964857365,0.215869909746,0.444622315015,0.0,-7.61688503618,3.88588736266,4.1623150631,0.00138437596685,0.110026736803,0.0,488.64565709109525,489.51897963830504,488.6699181469704,487.92321920092843
3.760000000000003,-8.95329025313,4.96191187677,22.7796423303,0.216787919137,0.446822890648,0.0,-7.71916017812,3.9230555202,4.15334431254,-0.00458327640848,0.110067182862,0.0,477.872076074369,477.89109207425867,478.28888503510615,476.92301967208266
3.780000000000003,-9.10873930629,5.0407608939,22.8626891571,0.217948272339,0.449316534079,0.0,-7.82574513853,3.96184619274,4.15133837618,-0.0116600517493,0.106647827524,0.0,486.33848617916,485.5789101145276,486.1862036835653,484.5925858413421
3.800000000000003,-9.26621231429,5.12033444449,22.9454577069,0.217798720355,0.451625047959,0.0,-7.92155566145,3.9955088663,4.12551659478,-0.00983085465392,0.103997866541,0.0,462.8683622105771,462.2515957480022,463.7230442098891,464.15417145702673
3.820000000000003,-9.42555983859,5.20055744375,23.0276083428,0.218424352705,0.454114051664,0.0,-8.01319676839,4.02679105945,4.08954699782,-0.0155658330988,0.0999528875619,0.0,453.8368732572917,452.8707131071154,454.5798441719487,453.19875569690225
3.840000000000003,-9.58661120194,5.28134493088,23.1087637933,0.219531896175,0.456129680082,0.0,-8.09193956632,4.05195765306,4.02599804993,-0.0080322811297,0.0991387458895,0.0,425.0341126699871,424.833777748322,423.4090097087172,425.3497199051432
3.860000000000003,-9.74947997518,5.36274065836,23.1891157536,0.219920203412,0.45846351396,0.0,-8.19493775823,4.08761509519,4.00919798019,-0.0127182297415,0.102886059382,0.0,474.26153397329307,475.1322257901944,474.5048641389208,473.424242761701
3.880000000000003,-9.91427835955,5.44478742889,23.2688553021,0.220334742535,0.460607134052,0.0,-8.28490067797,4.11706195833,3.96475687559,-0.00754559514365,0.104739692626,0.0,447.66659940485187,448.1281104953219,445.29117722727887,446.55934595822634
3.900000000000003,-10.0807844781,5.52737871856,23.3475094836,0.220268134824,0.462787980845,0.0,-8.3657111755,4.14206700829,3.90066127664,-0.00938194142649,0.10288439815,0.0,426.6330465521115,426.167471732379,426.1188946936868,425.6476378294032
3.920000000000003,-10.2490866655,5.61054414188,23.425217873,0.220278146383,0.467632608353,0.0,-8.46450756604,4.17447532351,3.8701776637,-0.0121937051992,0.113442692605,0.0,461.12775036217704,463.6326539257739,462.8883860437529,462.2240175223999
3.940000000000003,-10.4192014328,5.694279995,23.501974396,0.222506964107,0.469930134485,0.0,-8.54696916761,4.19910998876,3.8054746349,-0.0221389388886,0.112371762531,0.0,426.89098909374695,426.6286914090191,428.66098481809314,426.11726661377213
3.960000000000003,-10.591223315,5.77861910077,23.5779156931,0.222756398741,0.478003857319,0.0,-8.65521904893,4.23480058796,3.788655074,-0.0168769491066,0.127637787008,0.0,476.4354170432696,479.93546083645924,477.546718754712,478.74972234743285
3.980000000000003,-10.7651525805,5.86355248063,23.6529957985,0.222738856332,0.480616998205,0.0,-8.73770750194,4.25853739803,3.71935546495,-0.0132992595001,0.126083629412,0.0,423.953062933534,423.567865260865,424.89931212530894,425.8188744651152
4.000000000000003,-10.9408991237,5.9490265713,23.7269865022,0.222489234504,0.483506217212,0.0,-8.83694681542,4.28887166976,3.67971490867,-0.0124902264509,0.122249329378,0.0,458.299118328198,457.39760142841186,456.61619703930546,456.80996587719216
4.020000000000002,-11.1186257582,6.03509931929,23.8001561126,0.222240832495,0.486744611293,0.0,-8.93571663549,4.3184031283,3.63724612302,-0.0122533703725,0.116615831378,0.0,456.83730255745843,455.50038564069337,454.26624021529716,454.32336052124225
4.040000000000002,-11.2983965036,6.12178505096,23.8725824806,0.225822837349,0.48908079029,0.0,-9.04135790449,4.35017003934,3.60539068116,-0.0246260374437,0.116222773148,0.0,466.8778751403565,466.79729606423916,469.1966441032792,466.3052312090136
4.060000000000001,-11.4801643069,6.20905844841,23.9441404935,0.225550819878,0.491555615064,0.0,-9.13542243036,4.37716970563,3.55041061128,-0.0216561668863,0.118675276456,0.0,444.1047937316268,444.7201567632979,443.4114184382689,444.1429193915934
4.080000000000001,-11.6637525233,6.29684065404,24.0144702817,0.227878252644,0.494190562943,0.0,-9.22339920695,4.40105085731,3.482568205,-0.0111479679855,0.115441440654,0.0,429.5676124834392,428.75706249891033,430.59596224351156,433.25556799670505
4.1000000000000005,-11.8490583186,6.38508097102,24.0833495739,0.22913031984,0.496499631707,0.0,-9.30718032175,4.42298084094,3.40536101845,-0.0188291828789,0.115539410137,0.0,421.2775109435402,421.3156391359935,420.8511899584439,418.85124631981466
4.12,-12.0360490878,6.47376041205,24.1506849664,0.231304562164,0.499798143531,0.0,-9.39189659417,4.44496326182,3.32817822886,-0.00872804238648,0.109253796019,0.0,421.4188015502301,419.79783519994606,420.10429855828306,422.7247369339269
4.14,-12.2249503611,6.56296756326,24.2168432806,0.231366729261,0.503424962263,0.0,-9.49823074364,4.47575185958,3.28765319213,-0.0118052355558,0.116847853726,0.0,461.06511505198193,462.872141054081,462.55992304258706,461.8322433496227
4.159999999999999,-12.4160017628,6.652793737,24.2822099506,0.231464614639,0.505832213681,0.0,-9.60690942617,4.50686551392,3.24901381066,-0.015460314699,0.115171019285,0.0,464.5078633483151,464.1246650410203,466.7399024109544,465.88318158473
4.179999999999999,-12.6093901722,6.74330417602,24.3470716825,0.231644566015,0.50995055056,0.0,-9.73193151,4.54417838793,3.23715937397,-0.0110369328686,0.106650651939,0.0,495.0162097034927,493.1414850585741,492.7732865122005,493.7536915948469
4.199999999999998,-12.8052188577,6.83452885896,24.4115646298,0.232815854824,0.513424392715,0.0,-9.85093703745,4.57828990599,3.2121353564,-0.00357495600773,0.0993271852267,0.0,482.38109114020403,480.7276332101507,482.2725010513383,483.9610651217842
4.219999999999998,-13.0034576657,6.92644331497,24.4755849658,0.233473857091,0.515501650065,0.0,-9.97294376412,4.61315569561,3.18989824338,-0.00897681267747,0.101232059447,0.0,486.4367699914178,486.87220364292,487.5647928090485,486.35222370157237
4.2399999999999975,-13.2038314214,7.018925726,24.5386168271,0.233295320742,0.517690227173,0.0,-10.0644318064,4.63508540679,3.11328788319,-0.00917680308065,0.103792808708,0.0,429.69399646914394,430.35424174212034,430.04771447663387,429.9969910445106
4.259999999999997,-13.4064961127,7.11202819339,24.6008869222,0.23622163911,0.522001622125,0.0,-10.2020373248,4.67516133278,3.11372163473,0.00197641068058,0.113249105611,0.0,510.73091241708954,512.7586807915335,509.12715161578694,511.51635307166237
4.279999999999997,-13.6113531284,7.20570232667,24.6621896722,0.236262174453,0.52427795232,0.0,-10.2836642408,4.69225199469,3.01655336671,0.00177569902226,0.113922843913,0.0,409.0433452090532,409.23599434002557,408.90967498273875,408.8559668383326
4.299999999999996,-13.8181990941,7.29985714024,24.7221314586,0.241760469378,0.526565742277,0.0,-10.4009323327,4.7232293622,2.97762527358,0.0165578246404,0.114533845674,0.0,473.2839347121778,473.43572788940645,473.6039806098987,477.003762620806
4.319999999999996,-14.0274229571,7.39464824802,24.7813283196,0.243816697026,0.529396481587,0.0,-10.5214539645,4.75588141586,2.94206082233,0.0248646198217,0.119181694194,0.0,479.54862158888517,480.61759063263617,478.01944240582253,479.9152442326721
4.339999999999995,-14.23884637,7.49000218593,24.8394419504,0.24668711756,0.531826343241,0.0,-10.6208873331,4.7795123758,2.86930225211,0.0346075724286,0.120541514327,0.0,440.6376010768295,440.98774735681735,440.1509649094836,442.5643667246804
4.359999999999995,-14.4524263754,7.58589630374,24.8963581714,0.247568368133,0.534383258876,0.0,-10.7371132068,4.80989940464,2.82231985033,0.0318573060818,0.118124198885,0.0,470.09748186668446,469.54725801418226,470.8947382720113,470.25625250637665
4.379999999999995,-14.6682049567,7.68234072847,24.9521074894,0.248291674026,0.538278509559,0.0,-10.8407449216,4.83454306803,2.75261195148,0.0300008603165,0.125954311798,0.0,445.8159769305376,447.7443776177317,447.1882386114515,446.73452707258684
4.399999999999994,-14.8861773882,7.77932178497,25.0066370496,0.249861814067,0.541679714116,0.0,-10.9564982276,4.86356258271,2.70034407051,0.0362302193034,0.120014216441,0.0,467.0592313645195,465.6804526769177,467.1982940276115,468.6538738459225
4.419999999999994,-15.1066777025,7.87696588622,25.0604409604,0.250773767523,0.544134008003,0.0,-11.0935331998,4.90084754228,2.68004701221,0.0389677296281,0.118544392531,0.0,502.3054626833688,501.9966498560733,500.99070589967243,501.5881024359289
4.439999999999993,-15.3296658577,7.97524642154,25.1134113446,0.25252076592,0.546518481492,0.0,-11.2052823233,4.92720598976,2.61699140306,0.0327463349149,0.119281566541,0.0,458.76555701266443,458.95332958720996,459.87319835371926,458.3925440256999
4.459999999999993,-15.5547733967,8.07400251331,25.1649162305,0.253177500018,0.550002604259,0.0,-11.3054715722,4.94840318686,2.53349718562,0.0324774557916,0.125910266071,0.0,436.2974861693803,437.96836684023737,437.55684134872405,437.49008095073003
4.479999999999992,-15.7820218812,8.17323237671,25.2149466138,0.253859552421,0.552696679654,0.0,-11.4193768853,4.97458315294,2.46954114781,0.0336176888779,0.128562586361,0.0,460.1002269493795,460.74381783239176,459.9720222232273,460.2432986638078
4.499999999999992,-16.0113834002,8.27291252381,25.2634174715,0.254605783152,0.55591222558,0.0,-11.5167750081,4.99343155771,2.37754462273,0.035336722953,0.133639176551,0.0,430.1388782522843,431.4429060786576,428.50464877835464,428.94350855572964
4.519999999999992,-16.2429413666,8.37306431484,25.3104148847,0.255332082016,0.560154829223,0.0,-11.6390216353,5.02174754526,2.32219669519,0.0344520895821,0.125714985457,0.0,473.1133801412808,471.2941239078161,471.3747054963577,471.16995832554227
4.539999999999991,-16.4769515677,8.47377820001,25.3562909101,0.25615762816,0.56433071266,0.0,-11.7619984774,5.04964097134,2.26540583995,0.032115388045,0.117562479762,0.0,473.536426175865,471.6639403034254,471.7297021874096,471.1882869859782
4.559999999999991,-16.7133971981,8.57503328181,25.4009687084,0.256838986309,0.566686286877,0.0,-11.8825645563,5.07586720918,2.2023739982,0.0308655818511,0.117146565284,0.0,466.9398634793109,466.8541446081925,467.518413496921,467.22639389693467
4.57999999999999,-16.9521689328,8.67677257934,25.4442347502,0.257931989529,0.570819637701,0.0,-11.9946089173,5.0980625432,2.12423018217,0.0352276528414,0.10868389545,0.0,452.20410764314965,450.16561691256936,451.81281435320074,452.86737501475125
4.59999999999999,-17.1930364818,8.77889167311,25.4856955716,0.258729861587,0.573008548419,0.0,-12.0921459818,5.11384683388,2.0218519558,0.0371596880504,0.109464480091,0.0,425.068051369586,425.2797586719301,424.7748235073699,425.2723996523332
4.6199999999999894,-17.4358073403,8.88130159824,25.5250179797,0.259479482483,0.575256818878,0.0,-12.1849398639,5.12714567879,1.91038885707,0.03766672395,0.107928500184,0.0,414.4531919547145,414.05933900529226,415.0038588008725,415.138162129531
4.639999999999989,-17.6807721593,8.98410509696,25.5625953761,0.26231003328,0.57743992221,0.0,-12.3115420359,5.15320419377,1.84735077485,0.0467820216813,0.108919122788,0.0,470.80608009053975,471.0455682167245,470.4291995849637,472.543326574009
4.659999999999989,-17.9281606806,9.0873832803,25.5987291668,0.263341203678,0.582347245187,0.0,-12.4273100961,5.17461414024,1.76602829604,0.0487368103029,0.119366975238,0.0,451.0447378736079,453.58024635066295,452.5583926686839,453.03162532535896
4.679999999999988,-18.1778567862,9.19107925874,25.6331993404,0.265562432864,0.585005353605,0.0,-12.5423004662,5.1949837035,1.68098906512,0.0416756688084,0.116075963762,0.0,450.7456048412086,449.95930519361485,450.8141134871989,449.09989301506084
4.699999999999988,-18.4296961326,9.29511564139,25.6657184089,0.266596316641,0.59127465227,0.0,-12.6416341734,5.20865456211,1.57091778919,0.0445067138511,0.12864223511,0.0,420.2014012766095,423.47114951746977,421.6045383539393,422.33907558891156
4.719999999999987,-18.6836886698,9.39948340965,25.6962510502,0.268499475433,0.600227153626,0.0,-12.7576195478,5.22812226383,1.48234633394,0.0381411046428,0.112667684532,0.0,451.3938091902589,447.52306592135756,449.60569120904154,448.05625327580486
4.739999999999987,-18.9400981343,9.50427032425,25.725118504,0.269952859698,0.602492112433,0.0,-12.8833269041,5.25056919556,1.40439905487,0.043396814575,0.113349010178,0.0,463.4080986709188,463.579506440174,464.22049323873705,465.4572094692748
4.7599999999999865,-19.1986622425,9.60936066444,25.7519006419,0.270871801966,0.604807253549,0.0,-12.9730839083,5.25846482325,1.27381472665,0.0448251839415,0.114736971451,0.0,402.12334680498657,402.5134454757417,401.8161767684858,402.2059161202724
4.779999999999986,-19.4591036171,9.7146339174,25.7761652153,0.27232195383,0.607344865207,0.0,-13.071053554,5.26886047362,1.15264262204,0.0495311299053,0.111620099755,0.0,416.27179901217175,415.4650976265765,412.82841648398016,414.07417537192987
4.799999999999986,-19.7219935236,9.82029787823,25.7986630318,0.273606539873,0.609774850501,0.0,-13.217937097,5.29753560939,1.09713902357,0.0529602023434,0.108808813224,0.0,492.00244299228683,491.3871207194343,491.14900403037615,491.9129350985419
4.819999999999985,-19.9872958255,9.92632527023,25.8193017126,0.274704232635,0.612736243088,0.0,-13.312293098,5.30520358968,0.966729057294,0.0542009878248,0.11441315555,0.0,404.43262471658056,405.9565520610392,406.5715524104098,406.9072025068287
4.839999999999985,-20.2551026358,10.0327371003,25.8381558817,0.276363556862,0.615328635488,0.0,-13.4683879273,5.33597941633,0.918687847496,0.05899808891,0.117901016147,0.0,502.0026406793622,502.7716203261541,501.98395425073926,503.0291435526516
4.859999999999984,-20.5255839088,10.1395850563,25.8554137727,0.277711675791,0.617848715929,0.0,-13.5797393698,5.34881618608,0.807101257361,0.061591597355,0.120447072845,0.0,432.9884520196391,433.64371879549026,432.59606091122026,433.25355945419284
4.879999999999984,-20.7981584381,10.2466309231,25.8702358194,0.278953337604,0.621626010209,0.0,-13.6777135612,5.35577049617,0.675103414656,0.0622186496775,0.113048822176,0.0,409.8615552663952,407.8977085512942,408.259675949065,408.4306510023701
4.8999999999999835,-21.0728063865,10.3538521077,25.8825480437,0.280197854352,0.624479787741,0.0,-13.7870812809,5.36634796293,0.556119013894,0.0621428196284,0.117918323539,0.0,426.49921558804186,427.75758914998187,425.41778548495506,425.4012698695152
4.919999999999983,-21.3495604703,10.4612459941,25.8923486738,0.282059948354,0.626849343066,0.0,-13.8883271015,5.37304067784,0.423943997004,0.0671197166895,0.118587318427,0.0,410.5316875519107,410.723549307379,410.10280960169854,411.4306470858524
4.939999999999983,-21.6288113237,10.5689478317,25.9001087544,0.283452143943,0.629813403941,0.0,-14.0367582381,5.39714307701,0.352064057383,0.068531116785,0.123454820895,0.0,483.1749664521621,484.28641078860346,483.3803483798426,483.70241577421257
4.959999999999982,-21.9105931432,10.676955671,25.9058272217,0.287906434617,0.633125247458,0.0,-14.1414237152,5.40364085854,0.219782671661,0.0574249593251,0.129260842247,0.0,413.8146352774423,415.3608120213041,414.88668462101566,411.95342346961667
4.979999999999982,-22.1947772031,10.7852074608,25.9092808428,0.289062707589,0.636107646113,0.0,-14.2769822696,5.42153811747,0.125579441944,0.0579825895169,0.125274958103,0.0,463.17954340383903,462.2523509176462,461.51625473686977,461.6504640146587
4.999999999999981,-22.4815074101,10.8937447559,25.9106094622,0.291538319781,0.638662444235,0.0,-14.3960384309,5.43219139191,0.00728250129988,0.0507273558168,0.126679222461,0.0,434.81889314177647,435.18647530153294,436.43413974571587,434.61522668993206
5.019999999999981,-22.7707230544,11.0025280981,25.9096818625,0.292664321224,0.641717174527,0.0,-14.5255259969,5.4461428325,-0.100042472589,0.0528387944464,0.131244946251,0.0,450.5848958018806,451.70570133691507,448.99770973569616,449.51314367081767
5.0399999999999805,-23.0625169035,11.111576908,25.9065662161,0.293970964931,0.644676392474,0.0,-14.6538589132,5.45873814925,-0.211522170898,0.0560002359999,0.127588067679,0.0,446.6890986233955,445.8088985997188,447.5292620838674,448.30272249383955
5.05999999999998,-23.3568988631,11.2208768468,25.90122153,0.29676590075,0.647242680608,0.0,-14.7843370491,5.47125574001,-0.322946439385,0.047815051581,0.126825787413,0.0,449.6653545398424,449.49463133264607,449.43373436103394,447.440255957373
5.07999999999998,-23.6540313189,11.3304740492,25.8938003155,0.299066887621,0.650319045667,0.0,-14.928908531,5.48846449963,-0.419175004618,0.0404810599263,0.122178855906,0.0,470.24322639389806,469.17533995479386,469.0451244035905,467.3338121387171
5.099999999999979,-23.9541172046,11.4404310124,25.884504058,0.300723429592,0.65290874467,0.0,-15.079680035,5.50723181171,-0.510450749169,0.0463014405751,0.119761238195,0.0,477.8141266451567,477.2730140439068,475.9439442766209,477.2797660477901
5.119999999999979,-24.2570082233,11.5506726065,25.8730908993,0.301658927955,0.6557847099,0.0,-15.2094218441,5.51692759951,-0.630865119046,0.0469168932813,0.11537607929,0.0,446.0213602062711,444.9580347529433,444.22295695390676,444.37566966387516
5.139999999999978,-24.5625373398,11.6611146036,25.8592951743,0.302911433419,0.658730770791,0.0,-15.3434898054,5.52727211556,-0.748707379335,0.0504618480015,0.110322212235,0.0,450.87509181791216,449.65964001657323,449.16849550774504,450.0318223536114
5.159999999999978,-24.8709446127,11.771829179,25.8433567468,0.303939584992,0.661151706986,0.0,-15.4972374786,5.54418542129,-0.845135370025,0.0495920293329,0.107393103491,0.0,478.47585597860245,477.81593451171415,476.74133546067617,476.54324344263483
5.1799999999999775,-25.1821865791,11.8827789868,25.8251651415,0.304971932752,0.663741327558,0.0,-15.6269591587,5.55079536264,-0.974025159524,0.0483191244216,0.111596713854,0.0,439.97654889600665,441.03012770965495,441.32411271568435,441.01020332231377
5.199999999999977,-25.4960068415,11.9938441271,25.804347251,0.306185327271,0.666948580624,0.0,-15.7550670845,5.55571866019,-1.10776389553,0.0514624476971,0.117842732711,0.0,435.7753220349896,437.3508770128103,436.17650303337984,436.9651842676997
5.219999999999977,-25.8124594783,12.1050238492,25.7809105009,0.310124104078,0.671800210611,0.0,-15.8901965922,5.56225355219,-1.23591111871,0.0622504555835,0.107853187509,0.0,446.58133462322263,444.14140149285845,444.50786590871945,447.15513543619744
5.239999999999976,-26.1314827687,12.2162747713,25.7547236689,0.312222890148,0.678403279432,0.0,-16.0121324473,5.56283865688,-1.38277207716,0.0564065631892,0.121188861575,0.0,421.7814097143995,425.2351375770894,426.36148057557267,424.863198832717
5.259999999999976,-26.4530059208,12.3275501749,25.7256434321,0.313461267176,0.681586587785,0.0,-16.1401827648,5.56470170845,-1.52525160657,0.0543066035338,0.126700780013,0.0,432.2801328349026,433.6856759694975,433.770763563196,433.2433787368693
5.279999999999975,-26.7769984038,12.4388165898,25.6935764309,0.314644948595,0.68608906147,0.0,-16.25906554,5.5619397767,-1.68144851284,0.0562819450059,0.135574241761,0.0,416.127628071909,418.468394423207,416.8204275642879,417.3404397147021
5.299999999999975,-27.1034259776,12.5500380003,25.6584231606,0.316255213026,0.693458316385,0.0,-16.3836918335,5.56020127901,-1.83387851133,0.0606847874117,0.1492238133,0.0,422.24906743241036,425.78670888795324,424.362471633616,425.4976668633355
5.3199999999999745,-27.4323481992,12.6612140601,25.6201945241,0.317563089041,0.69652613351,0.0,-16.5085303328,5.55740469896,-1.98898514125,0.0626257177723,0.147397989003,0.0,424.3172515850611,423.8686071640093,424.19333371329014,424.6961258688297
5.339999999999974,-27.7638434971,12.772350727,25.5789202371,0.318898688006,0.699539001174,0.0,-16.6409994525,5.55626198964,-2.13844356099,0.0644487329587,0.145786680417,0.0,433.6883763653031,433.30293356927876,433.8864737647896,434.3485488817594
5.359999999999974,-28.0977989928,12.8833818037,25.534412142,0.3201890335,0.702456371433,0.0,-16.7545501192,5.54684568367,-2.31236594685,0.0642145675734,0.14604254369,0.0,402.83634081125007,402.9280678386791,402.4646477951747,402.4045391611253
5.379999999999973,-28.4346098501,12.9944294164,25.4870505416,0.326787721234,0.705379035195,0.0,-16.9265356128,5.55791558617,-2.42379408987,0.0496345862537,0.145773256587,0.0,485.1608622481196,485.1181733233988,486.6506810966719,483.36675701708924
5.399999999999973,-28.7745720806,13.1055820148,25.4371079602,0.328502197331,0.708343157438,0.0,-17.0696874379,5.55734424952,-2.57046405257,0.0442613772596,0.147168349564,0.0,444.33932033384673,444.7023351214679,446.30387323736113,444.9871279406645
5.419999999999972,-29.1172018253,13.2166364832,25.3839831942,0.329550315554,0.711421440591,0.0,-17.193287028,5.54810258882,-2.74201254887,0.0417088046157,0.149491417897,0.0,413.5022079055744,414.1380704840648,415.09490350653743,414.4232395123759
5.439999999999972,-29.4625306908,13.3275778156,25.3276444987,0.330507774902,0.714443353118,0.0,-17.339599522,5.54603065437,-2.89185700225,0.0439294644798,0.148358560105,0.0,446.5291228429551,446.2725420867924,444.62648161370095,445.1731428310574
5.4599999999999715,-29.8106754702,13.4384222518,25.2681541101,0.33140726596,0.720444977565,0.0,-17.4748784215,5.53841296281,-3.05718185933,0.0448438335087,0.159375734416,0.0,426.03872599074595,428.8784083239372,428.06428829133307,428.29894244223
5.479999999999971,-30.1617105163,13.5491688452,25.205523054,0.332355153325,0.723873161436,0.0,-17.6286261871,5.53624638386,-3.20592374334,0.0462722689402,0.156273031189,0.0,453.3675131249726,452.6422426778241,453.4113362075175,453.75676300703844
5.499999999999971,-30.5156207253,13.6597836126,25.1396676944,0.336822920839,0.72738553522,0.0,-17.7623947131,5.52523035296,-3.37961222034,0.0581757510118,0.152339009531,0.0,423.7797631943281,422.78799139925275,421.41729361310547,424.495908198085
5.51999999999997,-30.8725229988,13.7702822777,25.0706428125,0.338332203558,0.730439303064,0.0,-17.927832638,5.52463615903,-3.52287597145,0.0544567850316,0.152867692915,0.0,465.9086417211793,466.05338098357333,466.86873445182925,465.9991668348746
5.53999999999997,-31.2328390936,13.880792776,24.9988262573,0.339671002295,0.733793182278,0.0,-18.1037768439,5.52641367337,-3.65877954645,0.0576169308254,0.14942371059,0.0,478.857942000714,478.09119954794676,478.75057775263144,479.47345099180785
5.559999999999969,-31.5967420094,13.9913481465,24.9243241775,0.343414447781,0.737124520544,0.0,-18.2865147341,5.52912337345,-3.79142843405,0.0677975140502,0.153127028309,0.0,486.33835244693125,487.1889950386556,485.19946799661795,487.49005924019
5.579999999999969,-31.9638996145,14.1017950607,24.8467166888,0.344783693731,0.740251426387,0.0,-18.4292457751,5.51556804681,-3.96932043694,0.067068249535,0.154731587775,0.0,431.4236113067056,431.852950669359,432.6086460915064,432.4278728150073
5.599999999999969,-32.3338218864,14.2119213795,24.7654216642,0.347396332104,0.743579681854,0.0,-18.5629814113,5.49706383575,-4.16018202038,0.0599372653598,0.157788538618,0.0,416.5235916265486,417.349646949913,417.64239252747643,415.7749068797687
5.619999999999968,-32.7068796098,14.321831993,24.6807449713,0.349065453496,0.747680158574,0.0,-18.7427909296,5.49399750583,-4.30748727506,0.0555996342799,0.151641324783,0.0,479.11163903806096,477.7284705351361,478.17328819437364,477.1827238718782
5.639999999999968,-33.0835478997,14.4316694445,24.5930963248,0.350646975367,0.753753789397,0.0,-18.9240380609,5.48974764594,-4.4573773687,0.0512659098503,0.140612627078,0.0,481.092765947848,478.5996494513331,478.9040409919066,477.9154693630201
5.659999999999967,-33.4632855029,14.5412010463,24.5018530198,0.35170815847,0.757985076759,0.0,-19.0497222611,5.46341253654,-4.66695312997,0.052463656168,0.148146642796,0.0,401.41267028321016,403.4803836175581,402.38508571418987,402.712419598278
5.679999999999967,-33.8458161039,14.6502905601,24.4066582028,0.354016511031,0.761198285376,0.0,-19.2033378379,5.44553884223,-4.85252856893,0.0453669542927,0.151310664043,0.0,440.2696229708978,441.0754843294633,440.7876138982094,439.02550001811846
5.699999999999966,-34.2313421829,14.7589767369,24.3076369017,0.35493071096,0.765278077482,0.0,-19.3492700585,5.42307884163,-5.04960155021,0.0448430900933,0.144818888246,0.0,428.1450483556776,426.5064877090252,428.134701936685,428.0021644926071
5.719999999999966,-34.6202874843,14.8673765508,24.2051225309,0.355834036426,0.768519595643,0.0,-19.5452600838,5.41690254053,-5.20183552352,0.0453515648317,0.148534479162,0.0,490.58065648070254,491.4254359270291,491.4849469796744,491.59898672844986
5.739999999999966,-35.0127567394,14.9754905405,24.0991346189,0.356790881497,0.771510739882,0.0,-19.7016654294,5.39449643785,-5.39695568073,0.0439399873453,0.149439015629,0.0,439.12782872904455,439.3739841783258,439.4436653975546,439.09351086304855
5.759999999999965,-35.4089278621,15.0833428819,23.9897536819,0.357729889862,0.774600239701,0.0,-19.9154468358,5.39073769827,-5.54113802043,0.0423881030971,0.147431833461,0.0,509.42863124543345,509.0155464344135,509.47115032029944,509.13882548334203
5.779999999999965,-35.8091267112,15.1910106421,23.8772040976,0.358762545738,0.778060778192,0.0,-20.1044380833,5.37603831865,-5.71382041016,0.0451076163881,0.142906783973,0.0,479.4465025566866,478.4321364705446,477.9759898965928,478.59850748859645
5.799999999999964,-36.2128574632,15.2982753549,23.7609185834,0.361141036593,0.781078560778,0.0,-20.2686371159,5.35043296016,-5.91473100681,0.0374229862016,0.140379754837,0.0,446.20535528690573,445.6046504765018,445.9523239876184,444.06529955179343
5.819999999999964,-36.6199718244,15.4050425932,23.640664457,0.361944874268,0.784933819121,0.0,-20.4427990036,5.32629087877,-6.1106816297,0.0359346589356,0.133906229533,0.0,456.4912411487053,454.9558277343835,457.3104160588836,456.9550372107147
5.839999999999963,-37.03062231,15.5113243566,23.5164935594,0.362984472859,0.790336186362,0.0,-20.6222495506,5.30188545967,-6.30640813497,0.0323518923396,0.144345085122,0.0,460.439972839796,462.92799372568476,461.7622566954393,460.91363058414
5.859999999999963,-37.4448742047,15.6171010051,23.3883728107,0.36448453785,0.793326871066,0.0,-20.8029399209,5.27577939063,-6.50566673318,0.0381932180245,0.142307606271,0.0,463.14596216667076,462.6832503099353,461.0716797027747,462.4551972688417
5.879999999999963,-37.8626783733,15.7223113534,23.2561612159,0.367487529895,0.796272149543,0.0,-20.9774769385,5.24525544045,-6.71549275102,0.0287293336523,0.144298850615,0.0,452.58078194406335,453.0800527534557,453.25176689798616,450.96357302961655
5.899999999999962,-38.2840904115,15.8269291905,23.1198126014,0.370085293171,0.79931658377,0.0,-21.16372688,5.21652826079,-6.91936869878,0.0377252807458,0.146816446413,0.0,465.12334751458644,465.7332105795446,464.14151101368276,466.2561305461705
5.919999999999962,-38.7093081471,15.930977018,22.9794100688,0.371361205199,0.802432549723,0.0,-21.3580466849,5.18825449745,-7.12088455324,0.0422921458101,0.14949702116,0.0,473.42075702593775,474.0581668521881,472.7696760723381,473.82528541207165
5.939999999999961,-39.1385965173,16.0344993917,22.835090174,0.375526203384,0.805999041541,0.0,-21.5707903358,5.16398287075,-7.31110492728,0.0538145678963,0.154299318091,0.0,493.1656842108694,494.24776362749,492.5396541085193,495.0916483111643
5.959999999999961,-39.5717002819,16.1373568275,22.6865231656,0.376960307025,0.809620103607,0.0,-21.7395861252,5.12176070453,-7.545595919,0.0500313825513,0.158925658777,0.0,437.55330333090166,438.7307688583344,439.7468632675725,438.8070718623305
5.9799999999999605,-40.0083228187,16.2393944801,22.5333405628,0.379492394614,0.812852309452,0.0,-21.9226675539,5.08200455967,-7.77266436212,0.0578581569501,0.157460153141,0.0,454.5819138085904,454.2526268500565,453.92836492880343,455.8113334758974
5.99999999999996,-40.448590219,16.340604401,22.3755488651,0.380904470649,0.818761001248,0.0,-22.1040724748,5.03898752722,-8.00650539963,0.0546649585745,0.167966320346,0.0,448.4504113132895,451.02797971028696,451.3286505221981,450.556607892705
6.01999999999996,-40.8927541143,16.4410217237,22.2132615183,0.382294185873,0.822401730494,0.0,-22.3123170508,5.00274474387,-8.22222928106,0.058108306087,0.164611307145,0.0,482.43577715514385,481.6993774609637,482.39774126663235,483.1793172172261
6.039999999999959,-41.3406659603,16.5405418583,22.0462423855,0.38383966762,0.826394393773,0.0,-22.4788675497,4.94926871659,-8.47968400422,0.0620239956843,0.159318152563,0.0,430.179261221751,428.85854494190164,427.6926138344859,428.6950802048742
6.059999999999959,-41.7925249646,16.6391771473,21.8745449591,0.385109671722,0.829593559704,0.0,-22.7070328789,4.91426018596,-8.69005863499,0.0609372723899,0.160033774804,0.0,500.6490310172693,500.8262527125882,502.0761775400341,501.8417397547682
6.079999999999958,-42.2486555575,16.7369821858,21.6983301484,0.386517939905,0.833938185903,0.0,-22.9060264158,4.86624366408,-8.93142243105,0.0581839272627,0.166798242861,0.0,465.2385694762132,466.8487076699739,465.9082255421153,465.26403931814286
6.099999999999958,-42.7085116355,16.8337103277,21.5170142478,0.388309579481,0.837511123051,0.0,-23.0795813875,4.80657052183,-9.20016763149,0.0531720971325,0.163719461993,0.0,432.64442839708664,431.8930233573241,433.00868318881294,431.74357964272104
6.1199999999999575,-43.1722503166,16.9293545905,21.3306064802,0.389517724529,0.841690122153,0.0,-23.2942867145,4.75785575592,-9.44060913141,0.0507662450529,0.157704115409,0.0,480.8479700006627,479.50153278400904,480.0172529734297,479.4705292460596
6.139999999999957,-43.6396403241,17.0237750741,21.1387942598,0.392077121443,0.845015022734,0.0,-23.444714038,4.68419261047,-9.74061290739,0.0429073087061,0.155090166116,0.0,398.4574371998686,397.7661209736406,395.8880207981881,393.71302015385027
6.159999999999957,-44.1104802473,17.1168385883,20.941283671,0.397343561241,0.848365953827,0.0,-23.6392782881,4.62215881048,-10.010445966,0.0296283123232,0.15193340974,0.0,450.77780668555704,450.0337875909261,451.96961577429454,448.7463661710477
6.179999999999956,-44.5850393519,17.2085663381,20.7381783653,0.399383343128,0.851903840767,0.0,-23.8166321694,4.5506161677,-10.3000846074,0.0372367698301,0.156402050453,0.0,426.0518583382817,427.2200610492095,425.1927758376836,427.1454240422918
6.199999999999956,-45.0633858929,17.2989099793,20.5294087168,0.400385555766,0.855332320334,0.0,-24.0180219245,4.48374794944,-10.576880239,0.0404459893071,0.15986868316,0.0,453.01071011480303,453.86932749504723,452.7006844993719,453.4758255124013
6.219999999999955,-45.5458480074,17.3879103979,20.3151021645,0.401839192081,0.86525886938,0.0,-24.2281895256,4.41629391395,-10.8537749975,0.0353677355546,0.143462372931,0.0,462.7230311499308,458.8529483670657,461.42513989832713,460.22089692019847
6.239999999999955,-46.0322667039,17.4754480996,20.095005082,0.403995617889,0.868790145347,0.0,-24.413680133,4.33747625755,-11.1559332479,0.0429810688498,0.13831639,0.0,433.4410340101857,432.1605972886483,432.84675380104534,434.7665303795017
6.2599999999999545,-46.5228153423,17.5615109945,19.8691216585,0.405207550366,0.871574389651,0.0,-24.6411836989,4.268813229,-11.4324091028,0.0392270784387,0.139162947821,0.0,480.3109535770478,480.51979475260583,480.3534957409276,479.4990473650956
6.279999999999954,-47.0179544287,17.6461745202,19.6376617484,0.406450174615,0.875338716543,0.0,-24.8727249408,4.19753933602,-11.7135819082,0.0435076516724,0.132898547016,0.0,481.84000469679415,480.4326499703928,481.89636720864144,482.86732440346384
6.299999999999954,-47.517230841,17.7292098175,19.4001215824,0.408510325893,0.878139694827,0.0,-25.054916292,4.10599039946,-12.0404346916,0.0366083814388,0.130506833458,0.0,419.6833886580942,419.0771081837831,421.65216178828024,419.8601145128239
6.319999999999953,-48.0203965529,17.810452411,19.1561533556,0.409257766792,0.884355660239,0.0,-25.261654894,4.01826894713,-12.3563879879,0.0358267608105,0.118497122815,0.0,446.46726104408594,443.5315614269276,446.9190559030523,446.7283641369393
6.339999999999953,-48.5276556528,17.8898884116,18.9057586712,0.410608057877,0.886893579263,0.0,-25.4642551012,3.92533111984,-12.6830804524,0.030791859147,0.121089238302,0.0,439.9883318100933,440.6448621663803,439.737719510738,438.4844013535813
6.359999999999952,-49.0389647609,17.9674202783,18.6487425711,0.413678884885,0.890767348559,0.0,-25.6666557065,3.82785555104,-13.0185295551,0.0407014299261,0.113468255348,0.0,435.02665233725133,433.12027904784514,433.6929986829574,436.18492598223577
6.379999999999952,-49.5542561813,18.0429342068,18.3848892563,0.414772043692,0.893178006959,0.0,-25.8624863392,3.7235372896,-13.3668019246,0.0440428679908,0.115845592456,0.0,421.35527963467337,421.9840612010336,423.5891974909064,424.4519461078455
6.3999999999999515,-50.0735131254,18.1163300587,18.1140144059,0.415747479277,0.895514329669,0.0,-26.063208071,3.61604790442,-13.7206831174,0.0459878947271,0.116726747637,0.0,422.74803510956264,422.9886590647524,422.88747122358706,423.39136281152037
6.419999999999951,-50.5970515821,18.1876133428,17.8361616028,0.416692084094,0.897859391788,0.0,-26.290637596,3.51228051058,-14.0645971931,0.0449909609915,0.116077835756,0.0,448.9537250760013,448.8076872064132,450.3507754115729,450.10984076905606
6.439999999999951,-51.1251275452,18.2567666597,17.5513220698,0.417870797009,0.900525990698,0.0,-26.5169587123,3.40305117807,-14.4193561115,0.0416509388658,0.112362773468,0.0,442.99846247999125,442.0925495509614,443.39448413802717,442.5711212528041
6.45999999999995,-51.6581206844,18.323808292,17.2595684639,0.419990683752,0.903992543494,0.0,-26.7823552102,3.30111205049,-14.756004472,0.0344763504707,0.119346461108,0.0,481.25606210800237,482.8503613570351,483.589037907033,481.96477024468516
6.47999999999995,-52.1963825024,18.388742995,16.9609518622,0.423059489909,0.912331617027,0.0,-27.0438265865,3.19235824761,-15.1056557013,0.0247207794517,0.134776489379,0.0,472.8811701462165,476.4476795222278,476.17586705548547,473.93067772899815
6.499999999999949,-52.7398466125,18.4514409609,16.655235312,0.424702658743,0.915056957382,0.0,-27.302584421,3.07743834489,-15.4659993192,0.0179421269448,0.135868470476,0.0,473.3022697844704,473.5700217692302,474.7236624395417,473.1596731579252
6.519999999999949,-53.2886782363,18.5118421929,16.3423362616,0.42598767091,0.917779851293,0.0,-27.5805779585,2.96268485239,-15.8239057164,0.0240287339715,0.135398385331,0.0,490.24829405238927,490.15859137524143,489.3126517397007,490.6708759175926
6.5399999999999485,-53.8428821317,18.5698280382,16.0220320042,0.426595554528,0.920743805253,0.0,-27.8398115904,2.83589967923,-16.2065200313,0.0262853592316,0.138598299412,0.0,464.8439061674248,465.61208918894073,464.6324363533972,465.16328798542224
6.559999999999948,-54.4023198642,18.6252322715,15.6939879811,0.427517256738,0.923849576575,0.0,-28.1039616511,2.70452365249,-16.5978822798,0.0302652839814,0.142252367468,0.0,464.58048115024707,465.45665828915884,465.0381233631403,465.9731805462205
6.579999999999948,-54.9664424923,18.6777575415,15.3575811775,0.430717407777,0.927533748013,0.0,-28.3083011676,2.54800334362,-17.0427980783,0.0404532089111,0.136458839738,0.0,387.8188578630924,386.20365876015643,383.9878011261903,386.87930258496954
6.599999999999947,-55.5352043556,18.7272545812,15.0125386213,0.431529050089,0.930264086498,0.0,-28.5678851611,2.40170062912,-17.4614575419,0.0401320775289,0.136674403167,0.0,448.2344167001488,448.3040415493769,448.67268782386344,448.59523376483696
6.619999999999947,-56.1093184103,18.7738061414,14.6590967815,0.432356616816,0.933495244254,0.0,-28.8435203074,2.25345539278,-17.8827264368,0.0411305799367,0.132212700834,0.0,460.2113146495729,459.16649474603406,460.32842750542926,460.5663331006941
6.639999999999946,-56.6890394699,18.81735049,14.2971542328,0.43326466978,0.936165198033,0.0,-29.1285856493,2.10097946092,-18.3115284341,0.0429792699062,0.133226599493,0.0,464.4936623617248,464.74752766547306,464.61453749717367,465.05026529186256
6.659999999999946,-57.274734697,18.8578540509,13.9266718653,0.437188000735,0.939630677277,0.0,-29.4409370612,1.94937662893,-18.736708315,0.0319090475841,0.138886801802,0.0,486.69671995408095,487.98140950353536,489.47353571007545,486.9949203048652
6.6799999999999455,-57.8665056102,18.8951870461,13.5474361067,0.437958531814,0.942680019094,0.0,-29.7361542577,1.78392289381,-19.1868675406,0.0342099180907,0.142182895131,0.0,463.8128763175732,464.6063494046126,465.30179688444764,465.8425581225571
6.699999999999945,-58.4641782205,18.9291290525,13.1590387486,0.438939453485,0.9465470361,0.0,-30.031106773,1.61027774473,-19.6528682725,0.0307647863976,0.135784898247,0.0,459.1995856482672,457.6915330731195,457.5023859236474,456.6785757781302
6.719999999999945,-59.0678818495,18.9595550863,12.7612488267,0.441107728977,0.949356237197,0.0,-30.3392561287,1.43232563393,-20.1261239173,0.0228832135502,0.137718838606,0.0,465.622865519913,466.0929452834332,467.7780964827698,465.9321504194066
6.739999999999944,-59.677849128,18.986360034,12.3538952095,0.442632933467,0.952766773325,0.0,-30.6574717248,1.2481691404,-20.6092377988,0.0294178603487,0.132595717075,0.0,471.2562374307872,470.0823080126247,468.8837579830096,470.4053687638489
6.759999999999944,-60.2945274934,19.0094936903,11.9369303788,0.445325451621,0.955510553819,0.0,-31.0103648111,1.06519648605,-21.0872452783,0.0385920871763,0.134512653722,0.0,500.23860724122926,500.6714724787888,498.86526703818487,500.87239046161193
6.779999999999943,-60.9173025475,19.028572027,11.5096155392,0.446311710777,0.958487466405,0.0,-31.2671406039,0.84263718265,-21.6442386758,0.0356634874308,0.137898858152,0.0,382.0234122362934,383.01159210309464,381.4387169676373,380.598975877026
6.799999999999943,-61.5460391319,19.0433489989,11.0714957467,0.447030042313,0.962260415213,0.0,-31.6065178305,0.635060010398,-22.1677405795,0.0352135190728,0.144270582079,0.0,468.4259701257669,469.9276439982701,469.07427580964,468.9698413272023
6.8199999999999426,-62.1818720651,19.0539639327,10.6229015816,0.448568072643,0.965171091147,0.0,-31.9767754863,0.426433367927,-22.6916759249,0.040988499412,0.143265310132,0.0,495.34856596773596,495.14368482251183,492.9089908533514,494.1889353339007
6.839999999999942,-62.8248398328,19.0602116823,10.1634526726,0.449911464757,0.968068681782,0.0,-32.3200012853,0.198341591993,-23.2532149799,0.0455650576202,0.142128922304,0.0,457.9342173394015,457.6812343894147,456.72284361984737,457.81821695796674
6.859999999999942,-63.4749244531,19.0618552783,9.69271261098,0.452228098994,0.970916000905,0.0,-32.6884607479,-0.0339819909561,-23.8207911803,0.0530626121154,0.142564384229,0.0,474.6366592868865,474.754377458813,474.5395872411699,476.26534052873615
6.879999999999941,-64.1322423327,19.0586837551,9.21031556773,0.453540272398,0.974680193115,0.0,-33.0433272124,-0.283170328348,-24.4189131442,0.056230710355,0.148607246218,0.0,449.11397948652245,450.60172985720067,450.91101408421065,451.6805469378945
6.899999999999941,-64.7968352363,19.0504538123,8.71583118638,0.454891131063,0.977827436261,0.0,-33.4159631476,-0.539823951817,-25.0295249909,0.0532224254076,0.151253739912,0.0,460.6097017759845,461.2574768489766,460.5099661521477,459.79702011983665
6.91999999999994,-65.4687271455,19.036909598,8.20879351495,0.45625871429,0.980981692138,0.0,-33.7732277717,-0.814597482278,-25.6742421526,0.0567045782963,0.153526897001,0.0,431.39372001388125,431.99190242207845,431.9146627368595,432.7974610218357
6.93999999999994,-66.1480710333,19.0178179258,7.68878659056,0.457817223639,0.985833016187,0.0,-34.1611610131,-1.0945697296,-26.3264502867,0.0525842978056,0.145087024706,0.0,455.8323006927437,453.8245467178138,453.74162986234114,452.74955081130474
6.95999999999994,-66.8356386194,18.9931164907,7.15574927299,0.460429791789,0.990953535339,0.0,-34.5955975914,-1.37557378875,-26.97728147,0.0446826974777,0.154507807387,0.0,494.2756531890028,496.3728695009499,494.52219941380145,492.77324957374674
6.979999999999939,-67.531302613,18.9624630793,6.60907923243,0.461394015265,0.994816859293,0.0,-34.9708017677,-1.68976734358,-27.6897225864,0.0463628108934,0.148946628355,0.0,423.666668454849,422.25244433553803,422.8839884205277,423.319559113627
6.999999999999939,-68.2347206873,18.9254371363,6.04800811729,0.46357933419,0.997829854324,0.0,-35.3710056621,-2.01282696414,-28.4173889277,0.0392689749598,0.147779367205,0.0,437.6139402357198,437.34333003784286,439.63717271540924,437.87012736731816
7.019999999999938,-68.9463145863,18.8818194511,5.47217299539,0.464582963056,1.00099281388,0.0,-35.7883842393,-2.34894155538,-29.1661232623,0.0363143219034,0.150659452033,0.0,440.9762524588762,441.7106203915794,443.60230327366634,442.8739995289535
7.039999999999938,-69.6664964091,18.8313660538,4.88116481177,0.466383581042,1.00401093065,0.0,-36.229798046,-2.69639816586,-29.9346950988,0.0428697213527,0.151103421825,0.0,452.84569776765085,452.973789601372,452.6495302785294,454.231239200934
7.059999999999937,-70.395164931,18.7736670007,4.27424144775,0.467971772308,1.00779628297,0.0,-36.6370541424,-3.07350714686,-30.7576413041,0.048276372213,0.145577903271,0.0,395.9499960480629,394.44521077771725,396.8615189934207,398.3501736405795
7.079999999999937,-71.1326145987,18.7084010149,3.65085336901,0.471668613133,1.01166743693,0.0,-37.1079126224,-3.45309143095,-31.581166569,0.0587287659693,0.139382434316,0.0,453.12849381999644,451.65008373868324,451.07277739518076,453.60141463582255
7.099999999999937,-71.8796876274,18.6353681085,3.010742387,0.476271853429,1.01455381326,0.0,-37.5993902518,-3.85019920943,-32.4299316323,0.0470178053313,0.137395198621,0.0,459.6918801770279,459.23617580644157,461.20356050106983,458.42031934094314
7.119999999999936,-72.6369211757,18.554228704,2.35345260554,0.477863036266,1.0179531811,0.0,-38.1239645762,-4.26374123914,-33.2990465141,0.0419155441431,0.132290440579,0.0,477.95100399107656,476.79755771533246,477.1929414536646,476.02329874938044
7.139999999999936,-73.4046369183,18.4645659731,1.67833851181,0.479132284109,1.02110867739,0.0,-38.6476096882,-4.7025318515,-34.2123628587,0.0460673483763,0.127775188712,0.0,458.4904392836784,457.4276123248824,458.09443477238943,459.0854881807979
7.159999999999935,-74.1830130958,18.3659166357,0.984591616765,0.480202997069,1.02389528628,0.0,-39.1900080577,-5.16240189156,-35.1623266456,0.043623040764,0.124734760392,0.0,457.594481029906,456.8816076378994,458.28354550480253,457.70100478916544
7.179999999999935,-74.9725181474,18.2578682301,0.271493614251,0.48116290756,1.02638998154,0.0,-39.7604971001,-5.64243867132,-36.1474736058,0.0417527501412,0.124733313629,0.0,463.99261931530646,464.00568524724605,464.95641773318323,464.51723704551716
7.1999999999999345,-75.7743241233,18.1401690654,0.0,0.482279889836,1.0289889736,0.0,-40.4201004937,-6.12747779356,-37.1388650993,0.0451108881574,0.126776113545,0.0,528.3212797602432,528.7553555767709,527.9153132893798,528.6111128765582
